19881100000174,-1,3957120,6566400,4795200,0,0,6,5,3,0,1644.54,2187.93,3832.47,0,81,0,81
19881100000206,1157760,1373305,1261440,1319563,10,26,20,21,22,10065.62,10935.32,6144.13,27145.07,0,0,592,592
19881100000221,1220400,958761,1545035,1218940,3,25,32,18,25,10592.5,10865.0,4588.87,26046.37,0,144,0,144
19890100000508,-1,-1,6422400,11802240,0,0,2,4,2,0,1669.85,206.46,1876.31,0,0,65,65
19890200000100,2254254,-1,-1,5448960,0,12,2,2,5,4263.8,495.24,1595.46,6354.5,470,0,0,470
19890200000179,172800,-1,3369600,7871040,3,3,0,8,3,422.26,0,742.74,1165.0,0,0,596,596
19890200000627,1929600,1477894,1996800,1835520,3,16,20,10,15,5562.35,9374.48,4575.12,19511.95,0,185,0,185
19890300000054,3211200,2160000,1765800,2512800,1,7,13,17,12,2234.67,4653.11,4651.35,11539.13,0,156,0,156
19890300000267,721440,1206144,953600,947642,0,41,26,28,31,9674.95,5976.55,6225.89,21877.39,949,0,0,949
19890300000376,1099938,1399680,5149440,1670943,0,27,21,6,18,9370.95,6580.81,1476.75,17428.51,772,678,0,1450
19890300000394,7459200,13132800,4700160,7444800,0,4,3,6,4,1074.71,1395.28,2751.06,5221.05,0,0,706,706
19890300000700,869082,668160,714960,749752,15,35,46,41,40,6893.81,5274.8,5249.46,17418.07,1738,0,0,1738
19890300000711,1407085,1029286,1651764,1438628,8,22,24,18,21,6770.5,7679.32,5514.4,19964.22,259,222,13854,14335
19890300000909,1756800,3043200,3381942,2743854,1,16,10,8,11,11348.96,9498.2,8107.88,28955.04,0,361,534,895
19890400000537,3991680,-1,950400,7359709,0,6,2,4,4,1087.2,439.36,477.28,2003.84,84,0,0,84
19890400000584,2521309,2764800,1094400,3221485,3,12,6,4,7,7326.33,3977.14,1426.88,12730.35,0,180,0,180
19890400000750,1386514,1733082,1176000,1480717,4,22,18,19,19,7144.0,5558.26,5185.33,17887.59,0,772,134,906
19890400000752,1494720,871623,1919314,1305874,4,21,35,15,23,6899.91,20863.5,5843.59,33607.0,0,600,0,600
19890400000897,2426400,2030400,748800,2638523,0,13,7,7,9,9799.4,4579.47,1441.11,15819.98,210,0,0,210
19890500000175,3826285,2450618,2309236,2798245,0,8,12,12,10,1704.38,3961.71,3025.17,8691.26,87,0,0,87
19890500000363,1005120,907200,676080,855033,7,31,35,41,35,15858.96,17002.67,15403.23,48264.86,0,2034,0,2034
19890500000431,1771200,2277818,1767876,2079771,0,17,12,14,14,8338.53,4696.72,5998.88,19034.13,0,349,0,349
19890500000466,2833920,1468800,2947200,3307392,1,6,10,10,8,1713.4,4630.15,1774.86,8118.41,0,299,607,906
19890600000309,3072000,4129920,4636800,4033515,0,10,6,4,6,3042.65,965.24,1110.27,5118.16,0,250,0,250
19890600000346,2513454,2354400,3357257,2718900,0,12,13,8,11,4242.64,3250.11,1696.77,9189.52,0,0,187,187
19890600000401,1331345,1923840,2659200,1810800,0,23,16,10,16,42988.62,30954.02,13626.34,87568.98,0,737,0,737
19890700000030,3974400,1737600,1050092,1999542,0,6,10,27,14,1161.06,1687.96,5962.96,8811.98,0,0,162,162
19890700000438,1607040,-1,-1,7824000,0,6,2,2,3,1889.35,423.54,440.79,2753.68,0,141,0,141
19890900000165,1199232,1027862,1115345,1154215,2,26,30,23,26,5682.92,7803.88,4850.69,18337.49,479,805,0,1284
19891000000098,6048000,9676800,4730400,6287261,1,5,4,5,4,1961.69,1710.8,2563.19,6235.68,1355,485,0,1840
19891000000255,1237090,1303513,3591771,1580800,1,23,24,8,18,29369.41,31782.99,9628.42,70780.82,166,0,0,166
19891100000298,3466800,3912685,1555200,2537691,1,9,8,19,12,10378.82,5926.39,10908.09,27213.3,0,0,445,445
19891200000060,4665600,5408640,-1,5714742,0,7,6,2,5,2136.31,873.06,338.24,3347.61,0,0,320,320
19891200000116,2635200,2717672,8611200,3722400,2,9,12,4,8,7853.22,9602.48,5454.04,22909.74,0,1036,0,1036
19891200000270,1186338,1468800,1401600,1358836,1,27,21,19,22,32588.57,15248.67,12198.32,60035.56,766,0,0,766
19900100000051,2217600,3221485,2916000,3143630,4,10,8,9,9,1904.14,2502.32,1767.83,6174.29,0,0,99,99
19900100000278,1250742,1460160,1900800,1580524,0,22,21,16,19,1656.82,1571.23,1286.02,4514.07,0,385,0,385
19900200000058,1900800,1967261,1900800,2131200,2,14,14,12,13,7144.48,7746.86,3617.28,18508.62,0,0,116,116
19900200000082,-1,345600,648000,5659200,0,0,4,3,2,0,737.9,743.61,1481.51,0,56,0,56
19900200000268,3937371,7574400,2364218,3850434,2,8,4,12,8,3548.2,1568.22,3859.86,8976.28,0,0,49,49
19900300000181,701485,546676,489600,580984,6,43,56,58,52,14377.62,19461.67,16798.22,50637.51,0,384,0,384
19900300000235,2678400,3394285,2912914,3701557,3,4,8,8,6,516.9,776.48,1323.88,2617.26,0,0,138,138
19900300000346,1271314,1084800,2255040,1452960,1,22,28,11,20,6764.53,9090.64,2306.2,18161.37,0,166,0,166
19900400000461,-1,-1,1598400,12769920,0,2,1,3,2,141.38,212.14,453.99,807.51,0,660,0,660
19900500000509,1593000,2048914,1260654,1651200,0,17,15,23,18,5196.66,7146.38,7289.85,19632.89,0,0,156,156
19900600000175,667636,961548,1099938,887487,2,45,32,27,34,9409.66,7786.82,7055.13,24251.61,0,70,0,70
19900600000182,1512000,1225309,1076400,1329035,0,21,23,25,23,7096.05,10370.44,6334.22,23800.71,0,1027,0,1027
19900600000398,995200,1237248,981257,1051551,4,28,26,29,27,5072.45,5911.01,7075.79,18059.25,100,0,0,100
19900600000535,2476800,3477600,2188800,2656103,0,10,9,13,10,2801.98,4984.14,3284.58,11070.7,0,0,87,87
19900700000414,1863000,1987200,1405136,1738164,0,17,15,20,17,2118.23,1740.98,2686.27,6545.48,101,0,0,101
19900700000524,-1,2382171,950400,1855326,0,0,8,12,6,0,1198.66,1193.38,2392.04,0,86,120,206
19900800000040,993600,944640,1701000,1164184,3,31,31,17,26,7412.97,6707.73,4383.96,18504.66,367,0,0,367
19900800000484,4060800,4803840,1728000,4511314,0,6,6,3,5,510.29,805.94,120.75,1436.98,1051,51,0,1102
19900900000598,2073600,992206,1672094,1398857,0,14,32,18,21,3031.73,11280.23,2687.04,16999.0,0,90,135,225
19900900000650,933120,2332800,1872000,2568960,0,6,9,16,10,1560.48,1106.54,2759.76,5426.78,82,266,456,804
19901000000130,1987200,2443885,2394514,3267200,0,12,8,8,9,3180.0,696.0,1596.0,5472.0,248,415,196,859
19901000000181,919905,856376,881875,899781,1,35,35,30,33,9788.68,8688.94,9195.14,27672.76,0,360,1849,2209
19901000000280,2145600,3216000,3576960,2983885,0,13,10,6,9,4558.5,3210.95,1747.74,9517.19,74,433,489,996
19901100000029,5155200,2184685,3438720,3344400,1,4,15,6,8,3901.0,13322.25,3528.98,20752.23,0,1236,0,1236
19901100000037,2540160,2062080,1631435,1967563,3,11,16,18,15,1346.69,4420.73,7038.86,12806.28,0,0,508,508
19901100000174,1783542,1687680,1612800,1898921,4,15,16,16,15,3432.53,2565.8,2821.96,8820.29,0,168,0,168
19901100000201,3931200,4176000,3801600,5065200,0,5,4,8,5,621.76,1079.6,1487.91,3189.27,0,0,341,341
19901100000266,3264000,4276800,4536000,3899269,1,10,7,7,8,3070.23,1977.87,2124.55,7172.65,0,190,0,190
19901100000575,1598400,4631040,2105018,3214080,4,3,6,12,7,564.57,686.4,3398.7,4649.67,0,37,0,37
19901200000329,2299569,4320000,1955781,2733381,0,14,8,12,11,2765.31,1416.9,1750.94,5933.15,0,309,0,309
19901200000593,3726000,2411345,3229200,3065710,0,9,12,9,10,4630.78,4907.94,4723.35,14262.07,463,325,0,788
19910100000040,955800,1206144,2842560,1316034,8,33,26,11,23,12964.74,11556.39,7051.99,31573.12,0,45,0,45
19910100000895,2626560,1807753,3177600,2584376,0,11,14,10,11,3132.67,3848.98,2396.92,9378.57,0,0,1128,1128
19910200000255,2662690,874472,803011,1127520,1,12,34,35,27,6209.52,15700.54,16773.63,38683.69,0,1182,0,1182
19910200000488,-1,3075840,6912000,8630400,2,1,6,3,3,480.0,2427.65,1672.15,4579.8,0,0,848,848
19910300000126,634212,445976,570600,541963,2,48,69,49,55,19134.94,26315.89,24450.57,69901.4,746,1443,1964,4153
19910300000650,745990,918981,712800,800742,0,42,34,37,37,8765.83,7143.49,7009.99,22919.31,0,0,66,66
19910400000471,3922560,4302720,7084800,5616000,0,6,6,4,5,452.8,391.92,241.02,1085.74,0,36,0,36
19910500000369,5616000,2554971,-1,5104246,2,4,8,2,4,521.22,1489.62,365.17,2376.01,0,0,52,52
19910500000627,2112000,7142400,2534400,3504834,0,10,4,10,8,2800.52,1503.76,1575.68,5879.96,277,0,0,277
19910500000764,1217113,1129846,1919314,1381070,2,24,27,15,22,4485.19,4977.36,2418.94,11881.49,0,0,220,220
19910500000769,4665600,2258742,2197028,4130742,0,6,8,8,7,1948.04,3225.47,2080.62,7254.13,0,37,0,37
19910500000843,-1,9907200,892800,6430628,0,0,4,4,2,0,1317.76,1755.62,3073.38,0,0,225,225
19910600000042,1923840,2226461,2272320,2172960,1,16,14,11,13,13410.05,9334.86,4404.6,27149.51,0,162,0,162
19910700000417,-1,201600,403200,9705600,0,2,4,4,3,712.5,632.0,1125.0,2469.5,0,0,228,228
19910700000799,1587031,1442880,1411200,1620000,0,20,21,16,19,4569.57,5117.44,1752.62,11439.63,0,897,244,1141
19910700000813,1940676,1529280,3604114,2149714,0,14,21,8,14,2978.14,4237.08,1063.2,8278.42,0,190,0,190
19910700001395,2153353,2066953,3024000,2443885,0,14,14,8,12,1654.96,2617.56,829.66,5102.18,0,64,0,64
19910800000073,1442880,995657,1851428,1587031,0,21,22,15,19,4047.04,3007.23,1912.93,8967.2,379,0,0,379
19910800000440,-1,-1,3099600,9897600,0,1,0,9,3,215.14,0,2039.53,2254.67,0,0,155,155
19910800000694,2908800,2544000,2380800,3027756,0,4,10,10,8,960.61,1967.96,3087.4,6015.97,195,0,0,195
19910800001116,3283200,2332800,4959360,3011200,0,8,14,6,9,665.91,1515.34,651.95,2833.2,0,0,268,268
19910800001191,1303854,1885090,4968000,3104228,0,12,12,5,9,1282.94,1707.62,374.82,3365.38,0,171,0,171
19910900000122,1086171,1303513,1373760,1238005,4,29,24,21,24,13649.78,9400.91,7601.48,30652.17,220,0,0,220
19910900000135,604800,6192000,1382400,5993018,0,4,4,4,4,1132.74,1091.9,966.01,3190.65,400,1109,1620,3129
19910900000264,404715,376156,426763,401415,1,77,83,67,75,7814.85,7905.99,5704.57,21425.41,0,80,0,80
19910900000590,2476800,-1,2567314,4825107,0,4,2,8,4,958.42,407.46,1533.22,2899.1,0,0,365,365
19910900000773,807956,828972,825882,823156,2,38,38,35,37,14208.46,18802.18,12200.67,45211.31,0,138,0,138
19910900001059,2952000,2136436,3801600,3442176,0,7,12,7,8,489.3,900.66,946.41,2336.37,0,0,263,263
19911000000124,2356363,2293527,2002909,2510537,2,12,12,12,12,3351.6,2837.01,2555.19,8743.8,0,373,0,373
19911000000537,1819800,1288486,1517400,1588547,2,17,24,17,19,4323.46,4267.92,3408.5,11999.88,112,0,0,112
19911000000646,707274,1107771,1672094,1017600,2,44,29,18,30,9235.8,6296.37,4383.75,19915.92,0,110,0,110
19911100000778,2027520,2199272,2144290,2235323,1,16,12,12,13,2499.64,1282.59,2142.57,5924.8,167,54,304,525
19911100000913,1747938,1250742,4248000,2067428,0,14,22,7,14,6423.44,10115.5,2992.37,19531.31,0,0,122,122
19911100000979,947314,577086,855638,748042,0,29,54,32,38,7503.64,15406.69,8323.91,31234.24,0,772,968,1740
19911100001032,1086646,987840,884855,1005020,1,27,31,30,29,8536.57,11718.19,10183.2,30437.96,1077,1209,2435,4721
19911100001171,2112000,1872000,908689,1446807,7,10,16,30,18,1644.15,4577.27,5447.09,11668.51,0,0,210,210
19911100001193,3468342,2352000,2083200,3238400,0,8,10,10,9,2985.28,3862.19,5151.92,11999.39,0,277,0,277
19911200000260,2498400,2725527,1820571,2266338,0,13,12,15,13,4149.35,3809.83,3735.67,11694.85,374,0,0,374
19911200000270,2030400,10108800,2894400,6315840,0,3,3,5,3,172.18,347.42,547.96,1067.56,0,309,0,309
19911200000546,1143936,1049142,842400,1018924,0,26,29,33,29,6514.77,10163.6,15814.64,32493.01,35,0,0,35
19911200000677,2004480,1184914,1296000,2596114,0,6,8,8,7,5797.09,2897.6,1830.4,10525.09,0,0,388,388
19911200000780,3772800,-1,4536000,7032960,0,4,2,5,3,1192.36,528.96,1578.55,3299.87,976,0,0,976
19911200000898,503070,525848,1241018,632400,16,63,59,23,48,36493.15,30339.41,16567.53,83400.09,0,1150,2808,3958
19920100000274,2710800,1399680,1271314,3208581,0,9,6,8,7,2306.52,2541.14,4972.46,9820.12,246,0,85,331
19920100000294,4233600,5572800,-1,8164800,0,6,3,2,3,5568.72,1162.66,256.39,6987.77,0,1195,0,1195
19920100000513,1272960,3715200,2480914,2377393,0,16,8,8,10,3629.65,1604.86,1296.94,6531.45,112,0,0,112
19920100000643,2774400,1771200,1814400,2813760,5,10,11,10,10,500.56,661.2,387.32,1549.08,0,88,0,88
19920100001045,9244800,8510400,-1,10960457,0,3,3,2,2,1742.01,885.42,436.42,3063.85,0,0,166,166
19920100001268,1231200,1418778,1999542,1686461,0,25,20,8,17,11262.26,9248.2,3377.94,23888.4,888,554,0,1442
19920200000062,2042181,2390400,2434909,2407200,0,12,13,12,12,3636.56,3306.62,3680.82,10624.0,2192,9077,13415,24684
19920200000093,1900800,3172114,5702400,3542400,0,12,8,4,8,7444.98,2015.12,568.38,10028.48,671,672,0,1343
19920200000310,5414400,5299200,489600,7029818,0,4,4,4,4,367.93,854.92,1557.18,2780.03,0,307,0,307
19920200000521,3248640,4164480,6523200,4833000,0,6,6,5,5,1863.28,1796.8,1182.02,4842.1,88,0,0,88
19920300000483,2226461,-1,-1,5978880,0,14,0,2,5,967.24,0,203.42,1170.66,492,0,0,492
19920300000739,2489890,3225600,2980800,2943360,0,12,10,9,10,1473.74,1276.66,942.76,3693.16,260,0,0,260
19920300001007,1296000,-1,-1,13374720,2,4,0,2,2,317.54,0,269.94,587.48,0,0,193,193
19920300001021,4769280,12268800,4017600,6227446,0,6,3,5,4,872.14,769.25,1500.43,3141.82,0,0,207,207
19920300001216,1920000,3767040,3916800,3860715,0,10,6,4,6,1436.96,772.78,534.82,2744.56,44,26,0,70
19920300001281,1123200,4043520,4199040,3870720,0,4,6,6,5,676.5,1358.28,1635.9,3670.68,0,0,378,378
19920300001353,2670545,2279630,2865600,2673000,0,12,14,7,11,10934.9,9749.98,6847.68,27532.56,0,786,0,786
19920400000293,7279200,7804800,5529600,7024984,0,5,4,5,4,2091.5,1477.2,1871.53,5440.23,0,0,128,128
19920400000758,11534400,2505600,-1,5529600,2,3,8,2,4,999.14,1132.08,644.14,2775.36,494,0,0,494
19920400001123,3218400,2756160,3147428,3011200,0,9,11,8,9,1941.89,2293.53,1529.84,5765.26,86,0,0,86
19920400001416,3283200,5472000,-1,6350400,0,8,4,1,4,3134.32,5852.82,1055.07,10042.21,138,0,0,138
19920500000377,2332800,1778823,2505600,2107758,0,14,18,12,14,1564.03,2097.73,1564.5,5226.26,0,0,45,45
19920500000696,2295771,1947927,4017600,2811927,0,8,12,3,7,1637.12,1430.96,359.66,3427.74,40,0,0,40
19920500000756,1867569,1907446,1612800,2317552,0,14,14,7,11,5643.96,6131.56,2656.76,14432.28,0,0,1050,1050
19920500000845,1420200,4085485,-1,2130092,0,17,8,2,9,3594.34,1814.8,393.32,5802.46,428,1381,0,1809
19920500001036,11275200,5788800,2341440,4420800,0,3,5,11,6,494.1,1184.99,1682.73,3361.82,0,0,79,79
19920500001241,3556800,2332800,1876114,2571054,0,7,12,15,11,1510.88,3360.43,3323.84,8195.15,0,0,131,131
19920600000389,1987200,-1,3052800,6989760,0,5,2,4,3,1320.85,268.36,509.5,2098.71,0,118,0,118
19920600000434,1993371,1139200,962317,1236000,0,15,28,30,24,3850.56,7772.69,6162.64,17785.89,393,382,0,775
19920600000479,1136000,973440,1092096,1083085,0,28,31,26,28,9056.74,7805.02,8078.11,24939.87,0,244,0,244
19920600000499,1542240,1411200,995200,1288594,0,21,22,28,23,4783.52,5177.47,6106.16,16067.15,1073,1789,1168,4030
19920600000545,6760800,1647000,2300400,2975040,0,5,17,9,10,864.08,3048.6,1183.74,5096.42,163,718,212,1093
19920600000685,4608000,-1,-1,9084342,0,4,2,2,2,1586.62,704.5,608.64,2899.76,0,40,0,40
19920600000755,1925485,2527200,1458635,2088351,0,15,9,18,14,2558.03,1590.74,3997.37,8146.14,0,356,798,1154
19920600000876,2354400,2428800,1958400,3361745,0,9,10,4,7,1517.15,1614.94,838.38,3970.47,0,572,0,572
19920600001183,618624,678052,577800,620778,1,51,47,49,49,14093.23,12842.41,12144.35,39079.99,3813,5054,8701,17568
19920700000026,1194573,1440000,1712290,1574905,4,24,22,12,19,6218.41,4654.74,3499.5,14372.65,144,432,864,1440
19920700000103,2966400,2678400,2191418,3059751,0,10,8,12,10,1958.0,1464.0,2453.0,5875.0,63,276,137,476
19920700000530,1720800,4039200,3931200,3774109,0,13,5,5,7,1676.2,1025.55,728.22,3429.97,907,0,0,907
19920700000538,8784000,1394742,5486400,5605200,0,4,8,5,5,0.0,0.0,0.0,0.0,0,73,0,73
19920700000606,11059200,6480000,6782400,9974400,0,3,4,3,3,1392.5,4019.0,2505.81,7917.31,394,0,0,394
19920700000641,1081600,1061485,1073353,1096134,1,28,29,27,28,7925.03,7337.21,7642.08,22904.32,0,584,0,584
19920700000831,1036800,1252800,902731,1139815,2,28,21,30,26,8881.29,5161.6,5696.05,19738.94,252,0,0,252
19920700001566,1030153,1794461,1947927,1847630,0,14,14,12,13,1987.36,3149.47,2279.91,7416.74,150,0,0,150
19920800000634,2716800,2153353,2232000,2412000,2,10,14,13,12,3056.18,4187.32,3960.74,11204.24,68,28,130,226
19920800001749,2339446,1577936,2268000,1987200,0,14,20,13,15,2240.72,3203.01,1820.05,7263.78,410,689,178,1277
19920900000506,2122971,2566080,2269963,2400518,0,15,11,12,12,1892.18,800.2,2235.03,4927.41,0,0,186,186
19920900000517,-1,2764800,10238400,8284800,0,2,5,3,3,1250.2,1491.26,1224.8,3966.26,0,80,0,80
19920900000991,-1,1296000,5270400,10133485,0,1,3,4,2,818.81,1359.54,854.0,3032.35,0,622,280,902
19920900001070,1883520,2764800,2726400,3129182,0,6,8,10,8,1313.6,1955.94,1976.08,5245.62,80,845,3805,4730
19920900001356,2149200,-1,-1,5688000,0,9,2,2,4,1930.98,481.21,681.13,3093.32,0,0,316,316
19920900001432,1728000,5068800,-1,5748923,0,8,4,2,4,1428.56,523.92,275.19,2227.67,56,0,0,56
19920900001448,885600,634775,513687,661147,0,33,50,56,46,1860.06,910.18,1698.2,4468.44,1425,0,0,1425
19920900001571,1376640,1094400,980193,1241691,4,16,25,30,23,3241.72,4434.12,5389.48,13065.32,72,244,892,1208
19921000000163,1678628,1622400,2160000,1823791,0,15,19,13,15,6766.59,8112.99,6288.7,21168.28,0,204,0,204
19921000000431,-1,2962285,3559680,3907938,0,0,8,6,4,0,1579.15,1490.52,3069.67,0,0,389,389
19921000000501,1690971,1382400,2042181,1940072,0,15,18,12,15,1447.17,1517.31,724.16,3688.64,289,0,0,289
19921000000510,777600,1947927,1733400,2176200,0,4,12,17,11,559.61,2954.9,3820.84,7335.35,0,0,302,302
19921000000589,3456000,1546105,2026472,2144880,0,9,20,12,13,1493.57,2737.22,3932.49,8163.28,0,324,208,532
19921000000910,-1,-1,2175709,6412114,0,1,2,12,5,85.0,166.8,2525.23,2777.03,0,0,620,620
19921000001159,-1,-1,2974628,7406836,0,2,2,8,4,337.32,0.0,321.7,659.02,0,88,0,88
19921000001331,2956800,2397600,2712960,2860457,0,10,13,6,9,2607.39,2893.55,1394.47,6895.41,0,67,0,67
19921000001449,9734400,-1,7430400,11102400,0,4,1,4,3,1382.84,430.87,971.66,2785.37,0,582,0,582
19921000001557,4959360,2799360,4060800,5264640,3,6,6,4,5,3022.56,3553.14,2485.26,9060.96,126,0,0,126
19921000001624,1863000,2153828,3358800,2235600,1,17,15,9,13,3465.57,3144.53,2206.02,8816.12,230,58,0,288
19921100000250,1483200,2262109,1851428,1983360,0,19,12,15,15,11802.45,6293.34,6703.96,24799.75,138,0,0,138
19921100000427,1378472,1559747,2140061,1620000,2,23,20,14,19,5209.22,6411.96,3901.52,15522.7,252,0,0,252
19921100000982,-1,6350400,4060800,5680800,0,0,5,4,3,0,1380.61,1222.36,2602.97,0,78,0,78
19921100000997,1354909,3838628,1834338,1969527,7,23,8,14,15,5683.75,1848.61,3646.37,11178.73,235,0,0,235
19921100001383,1440000,1617600,1681920,1582971,0,22,19,16,19,4204.97,3968.53,2664.28,10837.78,0,21,0,21
19921200000679,3207600,2784000,3056400,3078400,0,9,10,9,9,1542.34,1507.82,1396.99,4447.15,0,0,79,79
19921200001274,3870720,892800,-1,6055854,0,6,4,2,4,746.6,636.69,257.86,1641.15,106,0,0,106
19921200001727,5114880,4561920,-1,6519876,0,6,6,2,4,811.36,629.78,112.98,1554.12,42,156,0,198
19930100000139,3888000,-1,3250800,4752000,1,8,2,9,6,1806.38,497.99,6888.69,9193.06,0,0,630,630
19930100000781,2085942,1416960,3081600,4039200,0,8,6,7,7,1656.64,1479.34,4207.07,7343.05,289,0,0,289
19930100001284,2285672,2173292,2688000,2510537,0,12,14,10,12,2207.44,2325.9,1556.32,6089.66,125,0,108,233
19930200000126,4060800,3758400,4708800,5308200,3,7,3,7,5,1286.02,845.99,2872.11,5004.12,0,0,198,198
19930200000411,-1,662400,-1,7361280,0,0,4,2,2,0,706.9,1396.32,2103.22,0,188,0,188
19930200001117,3427200,3758400,2548800,4505760,2,7,7,7,7,756.92,943.34,443.93,2144.19,0,0,338,338
19930200001542,3067200,3801600,2211840,3823200,2,9,6,6,7,2195.67,681.58,3009.6,5886.85,0,0,73,73
19930200001653,1549800,1934030,809018,1359450,2,17,14,34,21,3319.97,1992.85,3839.79,9152.61,0,360,0,360
19930200001831,1933200,1161216,1224000,1431098,0,17,26,13,18,3461.26,5639.96,2394.56,11495.78,0,45,0,45
19930300000653,345600,2793600,-1,5938036,0,3,7,2,4,440.12,769.39,420.42,1629.93,0,269,0,269
19930300000952,2662690,2552727,2789485,2683974,0,12,12,8,10,2135.91,2298.34,1097.32,5531.57,0,335,370,705
19930300001381,2285672,4110171,5572800,3333600,3,12,8,5,8,3692.38,2830.51,1557.18,8080.07,0,105,0,105
19930300001560,3273600,5356800,5500800,5038200,0,10,3,4,5,1457.68,1549.44,1580.7,4587.82,289,191,0,480
19930300001859,4852800,5944320,8611200,5545800,0,7,6,4,5,1385.31,1065.31,671.34,3121.96,0,49,0,49
19930300001899,5788800,2098285,3844800,3107200,4,6,15,7,9,5220.09,9989.2,4824.42,20033.71,177,0,0,177
19930400000221,3283200,3380400,2419200,3024000,2,10,9,12,10,3180.46,3566.94,3776.08,10523.48,0,409,0,409
19930400000575,911127,983172,4464000,1303405,0,34,30,7,23,16078.42,15687.63,4595.84,36361.89,0,68,0,68
19930400001114,3175200,2601600,2262109,2816640,2,9,10,12,10,4489.69,5176.29,5756.94,15422.92,170,486,294,950
19930400001329,-1,2403490,3294000,2961163,0,2,12,9,7,329.8,2182.03,2442.1,4953.93,0,139,0,139
19930400001360,3776914,-1,2367360,5679360,5,8,2,6,5,7276.57,1794.88,4081.54,13152.99,353,0,1090,1443
19930400001935,1762560,2265600,3744000,3365672,0,6,10,7,7,1167.3,2214.63,1642.9,5024.83,0,120,0,120
19930500000406,3391200,3272400,1857600,3236676,0,9,9,9,9,11628.13,15779.42,7659.05,35066.6,0,0,267,267
19930500000738,-1,1851428,2209371,2666880,0,0,8,8,5,0,1789.01,1748.0,3537.01,0,578,0,578
19930500000819,-1,2471040,2609280,3699490,0,0,6,6,4,0,1387.5,1501.34,2888.84,0,376,0,376
19930500000936,4838400,2217600,2872800,3600000,4,7,13,5,8,1420.52,3162.37,1476.48,6059.37,170,104,179,453
19930500001167,2030400,2980800,2740114,3768685,0,11,3,8,7,4281.29,577.22,1980.11,6838.62,0,0,264,264
19930500001941,1575529,1409890,1239840,1444721,1,18,23,21,20,5092.06,5517.73,5185.85,15795.64,0,143,309,452
19930600000305,2108160,5760000,1612800,3261600,0,11,4,10,8,11598.87,4026.78,5839.79,21465.44,34,0,0,34
19930600000370,5810400,3715200,3335040,5356800,0,5,6,6,5,1984.01,1589.44,3795.5,7368.95,72,0,0,72
19930600001021,973440,866468,686880,838160,2,31,36,41,36,8165.74,9920.75,8764.58,26851.07,0,0,434,434
19930600001070,4989600,3024000,4752000,4551915,0,5,9,6,6,4284.64,6820.25,7510.82,18615.71,0,950,0,950
19930600001188,4907520,4089600,4475520,5736960,0,6,4,6,5,1344.92,894.38,1342.84,3582.14,0,0,168,168
19930600001614,5810400,-1,-1,7938000,0,5,2,2,3,1394.97,498.44,573.46,2466.87,0,23,389,412
19930600001679,-1,3369600,5572800,7611840,3,2,4,5,3,972.5,340.47,2513.66,3826.63,0,0,160,160
19930700000293,6674400,-1,2920320,6285600,0,5,2,6,4,1780.33,882.0,2556.0,5218.33,0,0,233,233
19930700000434,1016640,975600,1532160,1248540,2,31,25,16,24,4683.09,3910.96,1834.58,10428.63,0,102,0,102
19930700000728,403200,979200,2592000,4838400,0,4,4,4,4,1142.86,504.4,1032.0,2679.26,0,52,0,52
19930700000951,-1,9244800,-1,7326720,0,0,4,2,2,0,1661.96,247.22,1909.18,0,80,115,195
19930700001245,1746514,1491536,997200,1417545,1,15,20,25,20,1731.97,1881.38,2691.96,6305.31,0,0,425,425
19930700001505,5339520,1296000,1258971,1924697,0,6,20,22,16,1376.14,4666.8,3650.04,9692.98,586,136,350,1072
19930700001726,1743247,2093538,1555200,1931520,0,18,14,14,15,6461.23,4740.82,4651.97,15854.02,2606,4707,9086,16399
19930700002689,5184000,3052800,4838400,7673890,0,4,4,4,4,650.81,495.94,414.12,1560.87,110,0,0,110
19930800001207,3443657,4276800,9201600,5041694,2,8,7,3,6,5217.63,5718.98,3832.37,14768.98,515,0,1854,2369
19930800001296,1941120,2079771,2572800,2196720,3,16,15,10,13,3909.64,5279.54,4418.52,13607.7,0,2184,0,2184
19930800001768,-1,3628800,2308114,3254400,0,0,8,8,5,0,674.24,755.08,1429.32,0,100,0,100
19930800002057,3196800,1680000,2301381,2180463,0,8,19,12,13,643.5,1687.21,1131.92,3462.63,347,128,511,986
19930900000184,3653485,1768320,1568492,2258075,1,8,16,14,12,3112.69,4674.18,4106.04,11892.91,55,69,0,124
19930900000499,-1,-1,5472000,9837257,0,2,2,4,2,354.04,283.56,747.26,1384.86,0,0,204,204
19930900000527,2801828,2985600,3653485,3587328,0,8,10,8,8,897.6,1161.08,862.87,2921.55,0,0,248,248
19930900000827,-1,1987200,2332800,5690057,0,2,5,8,5,334.82,1545.09,7111.14,8991.05,0,140,0,140
19930900001050,1722917,2279630,3870720,2328129,0,18,14,6,12,1872.78,2038.28,926.52,4837.58,76,0,0,76
19930900001379,1464252,1681920,1892945,1805208,1,20,16,12,16,9910.65,2437.52,6967.79,19315.96,0,0,1794,1794
19930900001655,6652800,-1,-1,11046857,0,4,2,2,2,1932.06,838.55,681.33,3451.94,0,216,0,216
19931000000677,-1,1065600,-1,6800914,0,2,4,2,2,305.28,674.2,382.76,1362.24,93,0,0,93
19931000000830,601476,864000,985600,767261,0,53,37,28,39,1128.13,1629.56,621.34,3379.03,794,208,189,1191
19931000001091,1065600,3038400,2409600,3935520,1,4,7,10,7,2568.18,4640.7,6328.76,13537.64,0,250,2795,3045
19931000001325,10497600,7192800,-1,8793600,0,3,5,2,3,1389.0,1928.0,642.0,3959.0,85,0,242,327
19931000001338,693163,768960,1152000,826298,0,45,41,25,37,15225.76,13361.08,7856.41,36443.25,0,0,1464,1464
19931000001519,1831680,2050560,4665600,2546400,5,16,16,5,12,5191.22,4606.99,2095.82,11894.03,0,0,278,278
19931000001556,2073600,1209600,6285600,4001890,0,14,4,5,7,5380.32,1321.34,1969.3,8670.96,0,68,0,68
19931000001779,1931657,2007138,2237760,2213169,1,15,14,11,13,6034.87,6518.55,4201.51,16754.93,0,0,128,128
19931000001868,4078080,5028480,2629028,4333642,0,6,6,8,6,792.82,610.32,633.44,2036.58,92,319,0,411
19931000001875,-1,7142400,4773600,7361280,0,2,4,5,3,1270.5,1234.6,1980.0,4485.1,0,0,1690,1690
19931000001914,6912000,-1,-1,9374400,0,3,2,2,2,2517.86,749.04,650.88,3917.78,650,259,0,909
19931000002206,3542400,3875657,-1,6852184,0,4,8,2,4,331.88,526.28,237.51,1095.67,0,4986,0,4986
19931100000710,2842560,3628800,2217600,3144342,0,11,8,10,9,1730.57,1456.54,1946.94,5134.05,66,0,73,139
19931100001704,2775600,1826742,1485000,2177280,0,9,15,17,13,5390.27,5035.37,4321.79,14747.43,0,698,0,698
19931100001896,1713600,9273600,1015200,1860480,4,13,4,29,15,2374.11,1043.63,4247.19,7664.93,49,0,76,125
19931100001897,2018618,777600,-1,4284423,0,12,4,2,6,3583.8,1033.02,0.0,4616.82,265,0,449,714
19931200000424,621000,715311,840436,716571,4,49,44,34,42,6658.37,14799.33,13117.67,34575.37,0,372,0,372
19931200000790,1106584,1205052,2730240,1567326,3,27,20,11,19,9544.48,6989.29,5801.12,22334.89,0,612,0,612
19931200000895,2505600,-1,4993920,8208000,0,3,2,6,3,1366.19,706.76,1349.85,3422.8,0,0,156,156
19931200001048,912600,1464685,1570447,1266000,0,33,22,18,24,5054.93,2300.51,2153.18,9508.62,0,137,0,137
19931200001504,3412800,-1,3159771,4968000,0,7,2,8,5,1024.93,1562.96,1969.53,4557.42,0,0,195,195
19931200001531,6099840,2392615,2661120,2986560,0,6,14,11,10,1409.43,3006.21,1876.04,6291.68,0,470,0,470
19931200001966,1944000,1555200,-1,7927200,0,3,4,2,3,733.25,1689.54,567.96,2990.75,0,30,446,476
19940100000013,5235840,4622400,4268160,6097371,0,6,3,6,5,3085.92,376.14,966.34,4428.4,0,0,640,640
19940100000178,2863542,1802880,1351905,1919765,0,8,16,18,14,1950.56,3643.96,5261.01,10855.53,0,0,98,98
19940100000661,1201745,1799152,1782000,1541557,0,23,18,17,19,6337.7,3396.63,3905.75,13640.08,593,535,792,1920
19940100001251,13651200,4795200,1845257,3567600,2,3,7,15,8,1667.6,7265.08,7738.34,16671.02,0,748,0,748
19940100001368,955974,961548,1021371,990782,2,32,32,29,31,7522.37,6658.7,7832.87,22013.94,0,0,189,189
19940100001774,2937600,1958400,2557440,5137920,0,6,4,6,5,1090.18,667.51,2312.98,4070.67,0,190,0,190
19940200000674,2841600,2332800,1814400,2344168,0,10,13,16,13,5797.13,5554.82,4433.63,15785.58,0,1130,393,1523
19940200001046,1768658,1374545,1291885,1454864,2,18,23,22,21,2667.27,2781.38,2909.5,8358.15,0,0,54,54
19940200001098,-1,3369600,2548800,7531200,0,0,4,3,2,0,526.76,242.57,769.33,0,208,0,208
19940200001322,1198800,944000,2034327,1377000,0,25,28,12,21,5835.99,7703.9,1690.42,15230.31,186,112,0,298
19940300000081,2773440,4514400,2664000,3821236,0,11,5,7,7,3135.32,1244.39,1777.98,6157.69,386,216,1011,1613
19940300000753,5551200,2505600,3295542,3722713,0,5,11,8,8,3215.62,3397.2,5177.6,11790.42,0,0,290,290
19940300001226,2213169,3081600,2635200,2592000,0,14,10,11,11,3663.44,1861.31,2278.53,7803.28,56,0,0,56
19940300001544,-1,4665600,4521600,6153600,0,2,4,4,3,355.16,889.48,948.2,2192.84,0,0,66,66
19940300001592,-1,-1,4521600,4521600,0,0,0,4,1,0,0,3608.6,3608.6,0,0,299,299
19940300001601,737560,854400,817097,803368,4,42,37,36,38,10192.63,15387.3,10391.21,35971.14,0,0,171,171
19940400000395,3340800,2405907,1611105,2195824,8,10,14,18,14,4018.68,6336.61,4479.76,14835.05,0,529,2734,3263
19940400000451,1577936,1042758,1193890,1251600,4,20,30,23,24,2990.52,4173.45,3433.72,10597.69,0,809,0,809
19940400000962,-1,1909440,1908000,2876400,0,1,11,13,8,110.61,3082.68,1485.58,4678.87,0,0,36,36
19940500000514,1591578,1468800,1308342,1453714,2,20,22,22,21,2267.81,2242.57,2038.89,6549.27,0,0,78,78
19940500000679,2394514,734400,4334400,5321223,0,8,3,7,6,1306.58,1123.56,2064.22,4494.36,0,0,149,149
19940500000789,-1,1267200,1105920,6008727,0,2,4,6,4,3592.12,2889.84,7381.22,13863.18,0,0,260,260
19940500001069,3159771,3196800,3132000,4034880,0,8,8,5,7,5067.89,3738.8,3684.12,12490.81,0,0,301,301
19940500001222,-1,3715200,3715200,6085028,0,0,4,4,2,0,635.44,677.04,1312.48,0,46,38,84
19940500001669,1667520,1785600,2540160,2570400,2,11,16,6,11,2198.31,3121.76,1484.22,6804.29,0,658,213,871
19940500001822,-1,-1,8726400,11923200,0,1,2,3,2,161.62,396.72,364.98,923.32,260,0,0,260
19940500002098,1099938,967122,799200,974136,2,27,32,33,30,9512.06,13426.9,10205.3,33144.26,1150,0,0,1150
19940500002322,2496960,4334400,3749760,3835408,0,11,7,6,8,1016.0,811.87,368.08,2195.95,0,147,0,147
19940600000050,1339200,5299200,7516800,5922327,2,5,4,3,4,2043.86,4606.4,1647.0,8297.26,0,0,528,528
19940600000460,-1,-1,921600,9923657,0,2,2,4,2,0.0,433.44,2028.72,2462.16,1914,0,1830,3744
19940600000507,-1,-1,4204800,4204800,0,0,0,4,1,0,0,767.48,767.48,0,0,1226,1226
19940600000593,958500,859200,769976,863169,1,33,37,35,35,9259.89,11563.03,11764.6,32587.52,0,0,378,378
19940700000237,1941120,1231200,-1,3228218,0,16,5,2,7,3802.28,1399.68,314.88,5516.84,277,0,0,277
19940700000473,-1,4959360,3490560,5489723,0,2,6,6,4,0.0,906.1,332.22,1238.32,0,105,0,105
19940800000490,731239,836047,867200,842400,3,42,35,28,35,19101.42,12090.26,10366.31,41557.99,480,660,888,2028
19940800000610,-1,1848960,-1,6643200,0,2,6,2,3,612.44,1313.6,355.28,2281.32,0,73,0,73
19940800000870,1773741,1603200,3344914,2044145,5,18,19,8,15,1560.88,1729.95,789.58,4080.41,125,0,0,125
19940800001593,6681600,2764800,3438720,6214153,0,4,4,6,4,1295.0,1295.0,1990.0,4580.0,0,168,246,414
19940900000118,-1,-1,5472000,11174400,0,1,2,4,2,171.09,135.82,1003.08,1309.99,0,0,468,468
19940900000650,2301381,3752228,9892800,3884072,0,12,8,3,7,3215.14,2170.78,1257.31,6643.23,0,460,0,460
19940900000845,4332342,1193890,1033600,1567117,1,8,23,28,19,4080.82,3538.67,7505.65,15125.14,471,429,358,1258
19941000000541,3110400,3616457,2894400,3445632,0,9,8,9,8,2399.38,2283.06,2314.73,6997.17,0,40,0,40
19941000000996,3270857,1900800,2531520,2732400,1,8,14,11,11,3536.48,9559.05,4774.21,17869.74,374,714,0,1088
19941100000148,5817600,3542400,3801600,5276160,2,4,6,6,5,1585.0,2550.0,3135.0,7270.0,0,145,221,366
19941100000251,1680000,1010215,1353600,1348871,7,19,27,22,22,4461.39,7597.26,5386.73,17445.38,1276,1276,1616,4168
19941100000412,454539,572611,1173600,627287,1,70,52,25,49,9803.28,8212.9,5753.73,23769.91,0,0,100,100
19941100000552,12916800,3585600,-1,12589714,0,3,3,2,2,997.55,650.02,0.0,1647.57,82,0,0,82
19941100000677,-1,-1,4510080,7992000,0,2,1,6,3,0.0,826.85,2256.3,3083.15,755,0,0,755
19941100000858,1288486,1697505,1142400,1424160,1,24,18,19,20,8521.75,9940.1,5284.65,23746.5,0,0,136,136
19941200000763,7473600,3490560,11966400,6951272,0,3,6,3,4,686.98,614.39,335.11,1636.48,401,0,0,401
19950100000027,2442763,103680,155520,2952626,0,12,6,6,8,2017.94,688.5,1278.92,3985.36,0,52,0,52
19950100000263,1651200,1214147,916954,1289828,11,19,20,32,23,9758.76,9469.36,10990.78,30218.9,0,0,99,99
19950100000471,-1,-1,2775600,2775600,0,0,0,9,3,0,0,916.38,916.38,0,0,116,116
19950100000743,2733381,2080800,4060800,2872800,0,12,13,4,9,10765.24,9004.95,5471.4,25241.59,196,605,1055,1856
19950100000792,4377600,-1,3196800,7113600,0,4,2,4,3,569.3,140.06,628.26,1337.62,38,0,0,38
19950100000862,7063200,-1,2246400,4915200,0,5,2,12,6,1036.22,1009.16,2502.63,4548.01,25,0,602,627
19950100001019,1056000,1045737,1514880,1198947,0,28,30,16,24,5306.69,5340.93,2806.86,13454.48,0,152,0,152
19950100001357,2505600,-1,259200,7814400,0,4,2,4,3,3597.19,3228.3,1050.82,7876.31,405,0,943,1348
19950100001436,-1,3663360,2125440,3961107,0,2,6,6,4,432.94,1073.04,1127.96,2633.94,0,0,292,292
19950200000250,1494211,1331576,2534400,1929600,0,18,18,10,15,3015.15,2501.33,2622.51,8138.99,0,0,319,319
19950200000261,1244945,1015944,2304000,1406326,0,23,30,13,22,5173.24,7289.95,1921.72,14384.91,0,250,0,250
19950200000792,2678400,2356363,2537018,2550109,1,10,12,12,11,977.68,3037.75,1291.16,5306.59,193,0,747,940
19950200000804,4104000,3045600,2568436,3572452,0,3,9,12,8,393.84,1050.09,1181.65,2625.58,0,0,437,437
19950200000812,-1,-1,4521600,8084571,0,2,2,4,2,638.0,488.0,1338.0,2464.0,0,82,0,82
19950200000834,1175040,1304228,1159200,1251600,0,26,22,25,24,2687.61,1847.15,2923.92,7458.68,0,29,0,29
19950200000854,2033280,2448000,2376000,2660611,0,16,10,9,11,3740.66,2192.69,1483.97,7417.32,0,225,138,363
19950300000144,-1,-1,1684800,1684800,0,0,0,3,1,0,0,606.51,606.51,0,0,1071,1071
19950300000225,-1,-1,5500800,9866880,0,0,2,4,2,0,385.7,935.96,1321.66,0,209,0,209
19950300000448,924218,990720,941142,979200,5,34,31,29,31,13185.0,11048.49,11939.28,36172.77,0,0,450,450
19950300000562,1607040,1257120,1561846,1596240,4,6,21,14,13,1118.97,3042.25,2298.94,6460.16,0,120,104,224
19950300000744,835978,958500,8251200,1106630,0,38,33,3,24,9815.99,8537.63,631.38,18985.0,0,0,371,371
19950300001187,2772654,2620800,836047,1636971,0,12,10,35,19,3051.54,2198.57,8279.78,13529.89,0,0,128,128
19950400000447,-1,3628800,-1,3172114,0,0,7,1,2,0,1289.19,88.95,1378.14,0,53,0,53
19950400000644,2476800,2530285,1910400,3299200,0,10,8,10,9,1736.56,1240.5,1477.66,4454.72,0,235,0,235
19950400001093,-1,1482442,1607040,2122637,0,2,20,16,12,482.89,4648.77,4922.04,10053.7,0,305,0,305
19950500000194,2466327,2380800,2108160,2579200,3,12,10,6,9,2874.27,2051.71,1151.66,6077.64,307,318,192,817
19950500000610,5032800,3326400,6940800,5379840,0,5,7,4,5,2459.55,7100.76,4089.64,13649.95,0,0,776,776
19950500001002,5853600,1925485,8092800,5367600,0,5,8,4,5,967.51,1225.96,158.65,2352.12,0,75,70,145
19950500001178,2160000,3177600,7732800,4968000,2,4,10,3,5,1003.1,2570.56,841.26,4414.92,0,123,0,123
19950600000147,3381942,5904000,-1,5609353,2,8,4,2,4,6318.05,3717.15,644.32,10679.52,0,583,0,583
19950600000497,1752685,1406400,3344914,2231152,0,8,19,8,11,2895.68,4238.06,2185.88,9319.62,0,237,108,345
19950600000607,-1,12225600,7574400,10800000,2,2,3,4,3,544.06,694.13,872.5,2110.69,0,66,0,66
19950600000899,2090880,-1,-1,6288000,0,6,2,2,3,0.0,0.0,0.0,0.0,0,26,0,26
19950700000181,2784000,1624320,1826742,2198880,0,10,16,15,13,7325.03,5154.36,7453.03,19932.42,0,0,1162,1162
19950700000315,2980800,3187200,2102400,3781963,0,3,10,10,7,2203.49,1731.62,3044.71,6979.82,0,72,244,316
19950700000326,1755000,2301381,1631435,1977808,6,17,12,18,15,4532.15,2313.75,7374.43,14220.33,0,0,814,814
19950700000384,2822400,-1,-1,7751314,0,4,2,2,2,711.64,325.45,482.98,1520.07,0,0,53,53
19950700001159,1598400,3332571,4694400,2823329,3,17,8,7,10,5241.25,2195.88,3404.0,10841.13,0,2970,68,3038
19950700001219,2048914,2531520,1540800,2146357,0,15,11,13,13,4362.7,2741.93,3408.5,10513.13,0,147,0,147
19950700001300,852000,663709,640145,724800,2,37,45,45,42,7824.11,10490.9,10053.31,28368.32,0,1402,0,1402
19950800000072,2736000,2188800,1704436,2658890,3,10,10,12,10,2224.26,3538.8,3163.61,8926.67,0,383,0,383
19950800000318,4132800,1824000,2298240,3668072,0,7,10,6,7,1282.09,2380.82,1138.78,4801.69,0,39,0,39
19950800000447,640967,541136,425552,540894,0,44,58,68,56,9527.91,14290.33,21019.03,44837.27,0,197,0,197
19950800000561,494565,844490,981257,754366,3,59,32,29,40,15692.11,7922.08,4806.56,28420.75,0,141,524,665
19950800000765,827621,907200,950400,900423,5,39,33,31,34,11903.96,6721.1,5490.62,24115.68,178,190,1330,1698
19950800000831,6168960,2160000,2235600,3409476,0,6,12,9,9,1358.86,2348.42,2218.36,5925.64,0,170,0,170
19950800001254,1773741,1468800,1198330,1466012,3,18,21,24,21,2060.78,2724.07,4101.93,8886.78,0,56,0,56
19950800001476,1612800,2534400,1794461,2387520,0,10,7,14,10,1237.28,1544.96,2787.86,5570.1,266,591,52,909
19950900000858,1313280,1972800,1067904,1506874,0,21,13,26,20,2796.36,1302.68,3187.02,7286.06,0,0,56,56
19950900000890,4622400,3110400,3036342,4123200,0,5,6,8,6,1047.56,1403.4,1515.74,3966.7,391,784,0,1175
19950900001100,1877760,3801600,3616457,2887432,2,16,8,8,10,1641.9,700.7,788.28,3130.88,0,0,20,20
19950900001164,1716480,3427200,2260800,2275957,1,16,10,13,13,2796.34,2292.21,1816.9,6905.45,0,437,1120,1557
19950900001214,-1,2602800,-1,3784320,0,0,9,2,3,0,1036.91,435.74,1472.65,0,97,0,97
19951000000206,-1,2347200,2868480,5585142,3,2,7,6,5,551.92,512.87,2651.48,3716.27,0,909,1595,2504
19951000000688,-1,-1,6364800,12848914,0,2,2,4,2,481.92,986.0,694.56,2162.48,0,0,76,76
19951000000988,3132000,3300480,2090880,3546720,0,9,6,6,7,1123.82,760.92,726.96,2611.7,38,0,0,38
19951000001337,2238545,2169600,3122742,2994206,0,12,10,8,10,1876.64,1304.36,1365.5,4546.5,0,396,0,396
19951100000177,1003569,2947200,2991600,2697300,4,14,10,9,11,6077.15,3814.38,3594.54,13486.07,0,103,1079,1182
19951100000299,7574400,-1,-1,12293485,0,4,2,2,2,744.6,501.02,205.05,1450.67,0,72,0,72
19951100000329,1339200,1971490,1641600,2772654,0,5,12,17,11,845.13,2043.03,2751.71,5639.87,0,0,149,149
19951100000560,6588000,1893600,1172571,2771712,0,5,13,8,8,1187.05,2314.94,2427.13,5929.12,0,115,0,115
19951100000703,2246400,3438720,1814400,5767200,0,3,6,4,4,534.3,1311.02,668.9,2514.22,0,111,0,111
19951100000911,2007138,8265600,3900342,3597696,0,14,4,8,8,3964.68,374.69,2006.14,6345.51,0,185,0,185
19951100001083,2354400,1879200,3888000,4515536,0,5,9,6,6,2322.46,2081.11,4559.9,8963.47,0,0,246,246
19951100001630,9734400,-1,2880000,9168000,0,4,2,4,3,520.76,210.24,651.44,1382.44,200,0,0,200
19951100001634,-1,-1,3888000,3888000,0,0,0,4,1,0,0,324.84,324.84,0,0,401,401
19951200000227,-1,2678400,-1,3332571,0,0,6,2,2,0,2696.26,512.87,3209.13,0,276,0,276
19951200000319,831908,804754,1555200,999910,0,36,36,18,30,8460.4,8758.46,3906.35,21125.21,78,0,0,78
19951200000337,1584000,4924800,2376000,3580800,0,10,4,5,6,411.37,439.4,610.96,1461.73,0,56,0,56
19951200000507,1872000,2727771,1854276,2588544,0,4,8,14,8,1780.46,3335.22,7153.12,12268.8,0,155,0,155
19951200000954,1119443,950400,2224800,1305026,0,24,31,13,22,5925.52,6178.34,3130.11,15233.97,0,242,537,779
19951200001038,2972160,1771200,1704436,2545920,0,6,13,12,10,0.0,0.0,5.84,5.84,0,56,0,56
19951200001181,1572480,2428800,1283657,2900571,0,11,10,8,9,1999.32,2128.34,767.18,4894.84,0,244,0,244
19960100000084,2541600,2520000,2199272,2456562,2,13,13,12,12,8026.11,6954.3,5572.02,20552.43,0,70,0,70
19960100000181,2116800,-1,-1,8398080,0,3,2,1,2,1056.55,180.92,171.62,1409.09,64,0,0,64
19960100000214,1240094,1509120,1302646,1739029,4,18,16,14,16,5070.49,4001.8,3818.72,12891.01,78,168,0,246
19960100000384,2358720,4651200,4060800,3506400,0,11,7,7,8,2945.33,2550.96,2017.54,7513.83,291,295,209,795
19960100000606,1993371,2937600,1739520,2284061,1,15,9,16,13,3843.75,1684.09,4026.51,9554.35,0,0,658,658
19960100000616,1002857,750445,926565,966944,2,29,36,30,31,6486.53,6541.96,5484.04,18512.53,0,0,413,413
19960100000688,2186584,2324160,1775127,2289600,2,14,11,12,12,1131.32,988.29,1161.14,3280.75,0,0,111,111
19960100000846,1623410,1307269,1361828,1406326,0,20,24,22,22,7368.75,8841.68,6609.33,22819.76,1030,2418,2734,6182
19960100001283,-1,7574400,-1,11429485,0,2,4,2,2,863.37,892.25,644.0,2399.62,0,138,0,138
19960100001399,-1,4147200,3902400,4622400,2,2,6,7,5,304.42,858.62,2730.32,3893.36,0,0,156,156
19960100001518,2592000,2639127,1678628,2302305,2,8,12,15,11,1799.71,2545.03,2811.19,7155.93,113,175,0,288
19960200000066,3258514,830400,780068,1075680,5,8,37,36,27,1288.62,6101.07,5206.57,12596.26,0,108,0,108
19960200000229,2793600,4233600,3159771,4462560,0,10,3,8,7,2765.16,1063.21,3755.0,7583.37,0,0,546,546
19960200000411,1894153,1584000,2090880,1910846,0,14,19,11,14,5432.18,3757.91,2056.66,11246.75,284,1437,0,1721
19960200000469,1900800,3196800,6847200,8050909,0,4,3,5,4,436.62,324.91,755.37,1516.9,0,157,613,770
19960200000552,2592000,3823200,1944000,2536094,1,11,9,15,11,1439.63,609.56,1644.49,3693.68,0,0,236,236
19960200000627,3493028,1699200,1398600,2339805,0,8,13,17,12,1409.84,3077.18,2912.52,7399.54,0,26,0,26
19960200000791,2827636,2453760,3085714,2828160,0,12,11,8,10,9199.37,5417.04,2925.83,17542.24,0,143,0,143
19960300000341,2920320,4872960,-1,5888492,0,6,6,2,4,4814.77,1229.86,407.9,6452.53,162,0,0,162
19960300000469,953280,1113600,1230171,1107000,0,31,28,22,27,2017.82,2498.26,2714.16,7230.24,258,875,0,1133
19960300000527,832800,1003354,1063384,955856,0,37,32,27,32,5346.37,3339.5,3612.82,12298.69,0,0,216,216
19960300000799,2851200,1296000,1411200,2316342,0,4,14,4,7,801.62,1661.35,744.48,3207.45,0,72,0,72
19960300000852,1728000,-1,5313600,8035200,0,5,2,3,3,725.34,471.82,714.14,1911.3,0,309,0,309
19960300000879,7545600,5149440,4032000,5303630,3,4,6,4,4,2003.55,5398.02,2114.54,9516.11,0,412,505,917
19960300001579,2035200,-1,-1,4798523,0,10,2,2,4,1966.18,241.4,158.28,2365.86,831,638,0,1469
19960400000194,2703085,172800,-1,4791876,0,8,4,2,4,1172.43,817.92,694.86,2685.21,223,185,0,408
19960400000711,1296000,1409890,1396042,1361454,2,24,23,20,22,12507.09,12391.71,8654.09,33552.89,0,146,0,146
19960400000984,-1,2764800,11448000,7501090,0,2,7,3,4,288.56,771.95,446.83,1507.34,0,135,0,135
19960400001162,3357257,3591771,2367360,3402514,0,8,8,6,7,786.22,3194.04,643.75,4624.01,0,141,63,204
19960400001433,713302,609882,569534,626846,0,44,52,50,48,4020.53,3738.37,3204.39,10963.29,164,277,0,441
19960400001446,3024000,5581440,1900800,5742276,1,4,6,4,4,269.61,576.52,310.64,1156.77,126,0,0,126
19960400001451,1027542,891154,790690,918661,14,29,36,34,33,7156.21,9181.41,5011.14,21348.76,308,430,782,1520
19960400001505,2670545,1566720,2704320,2401010,3,12,16,11,13,3723.73,3752.4,3074.14,10550.27,0,115,0,115
19960500000674,3036342,3122742,2863542,3658852,0,8,8,8,8,1180.19,1064.58,1084.69,3329.46,0,205,263,468
19960500000937,4544640,7027200,2678400,5394600,0,6,4,7,5,1554.76,983.18,2303.91,4841.85,0,378,0,378
19960500001249,3628800,6609600,4648320,4804800,1,8,5,6,6,2222.14,1923.66,1943.15,6088.95,306,0,0,306
19960600000174,1872000,1283657,991721,1974556,4,10,8,24,14,1651.68,2092.99,5351.0,9095.67,0,295,0,295
19960600000630,3360000,2298240,6825600,3557426,1,10,11,3,8,2228.05,3069.99,1209.74,6507.78,166,0,0,166
19960600000654,1503360,1699200,4682880,5385600,0,6,4,6,5,1261.76,516.07,1727.83,3505.66,597,0,0,597
19960600001108,1473882,1504376,1499294,1581283,4,18,18,18,18,4757.56,7109.46,7754.24,19621.26,0,0,400,400
19960600001123,-1,3571200,-1,8899200,0,2,4,2,2,155.46,549.44,209.92,914.82,0,0,106,106
19960600001335,2122971,2007138,1839085,2496000,0,8,14,15,12,1126.66,1705.25,1869.69,4701.6,0,162,739,901
19960700000400,1234800,1491536,1612800,1599157,0,25,20,13,19,5808.03,3848.99,2549.86,12206.88,136,0,0,136
19960700000528,2073600,1782981,1621270,2160000,0,13,12,18,14,2454.39,1735.69,2219.34,6409.42,0,0,39,39
19960700000634,1045737,929454,1768320,1146167,0,30,34,16,26,12308.83,18691.98,8569.38,39570.19,0,405,0,405
19960700000641,1170327,843054,1866240,1222347,4,12,34,16,20,14347.09,21590.38,17705.0,53642.47,0,190,0,190
19960700000702,2197028,-1,-1,5702400,0,8,2,2,4,643.04,148.56,562.86,1354.46,46,0,0,46
19960800000691,-1,5270400,-1,9832320,0,0,4,2,2,0,1683.84,304.0,1987.84,0,146,0,146
19960800001347,649800,522793,560680,580430,0,49,60,48,52,1974.6,3144.27,1611.02,6729.89,31,0,0,31
19960800001551,14990400,5356800,6969600,7250400,0,3,6,4,4,849.98,2229.67,285.43,3365.08,0,147,0,147
19960900000724,2497745,3585600,3024000,3078400,6,12,9,7,9,3099.47,1506.31,2304.79,6910.57,661,0,0,661
19961000001059,-1,1925485,-1,4675200,0,0,8,2,3,0,1380.94,677.0,2057.94,0,54,0,54
19961000001136,5832000,-1,-1,13521600,0,3,2,2,2,992.88,610.08,693.78,2296.74,0,417,0,417
19961000001398,1779840,1232139,1330560,1488960,4,16,24,21,20,5145.19,10272.61,6830.61,22248.41,0,356,0,356
19961000001496,2191418,2405907,2332800,2387368,4,12,14,13,13,2939.2,1720.91,2310.42,6970.53,57,0,0,57
19961000001500,2540160,1654892,1781169,2266863,1,11,14,14,13,9761.54,11022.96,9104.53,29889.03,0,0,208,208
19961000001534,4860000,5235840,6004800,5431680,0,5,6,5,5,2089.96,2515.42,1026.9,5632.28,120,0,0,120
19961000001670,1728000,3554742,1840320,2722909,0,15,8,11,11,1694.91,608.92,1583.98,3887.81,0,0,88,88
19961000001676,-1,5292000,5313600,5961600,0,0,5,5,3,0,1337.22,1417.33,2754.55,0,128,0,128
19961000001904,795789,731386,748042,758320,8,39,44,39,40,3820.76,4681.11,4384.56,12886.43,0,308,0,308
19961000001965,-1,6710400,4082400,6808320,0,2,4,5,3,355.96,716.8,798.81,1871.57,0,75,122,197
19961000002016,3736800,3553200,3110400,3497472,1,9,9,8,8,3545.2,3275.75,4228.25,11049.2,0,0,1651,1651
19961100000635,4838400,2764800,3507840,4041163,0,7,10,6,7,810.51,1215.41,853.5,2879.42,290,628,673,1591
19961100000966,-1,2540160,3078000,3818057,0,2,11,9,7,133.04,769.2,583.16,1485.4,0,71,0,71
19961100000988,-1,5788800,3335040,7202618,0,2,4,6,4,1240.94,2355.27,3183.02,6779.23,0,69,0,69
19961100001097,1808228,1998720,2403490,2048914,0,15,16,12,14,3188.45,2985.36,1565.76,7739.57,0,54,0,54
19961100001212,4492800,1779840,2764800,5042057,0,4,6,5,5,116.84,0.0,110.96,227.8,0,106,108,214
19961100001388,1804800,2332800,2289600,2294400,0,10,14,13,12,2086.4,2883.94,1529.26,6499.6,0,45,0,45
19961100001487,3207600,2670545,2160000,2664900,3,9,12,12,11,763.13,1256.86,1048.76,3068.75,80,0,0,80
19961100001677,8035200,5685120,4190400,5363446,4,3,6,5,4,1501.03,2661.74,1367.81,5530.58,0,0,330,330
19961100001823,1273263,1062400,1279542,1272208,0,20,28,22,23,12723.81,23912.26,14151.96,50788.03,0,82,381,463
19961100001855,3830400,5760000,1843200,6354327,0,4,4,4,4,386.54,757.8,666.29,1810.63,18,120,0,138
19961100002238,4043520,3826285,3836160,4374568,0,6,8,6,6,2469.2,2564.52,2420.0,7453.72,0,117,0,117
19961100002466,-1,1152000,-1,6393600,0,0,4,2,2,0,1732.92,1571.7,3304.62,0,37,0,37
19961100002496,2563200,2851200,2544000,2863117,8,10,10,10,10,4651.18,3540.64,2987.84,11179.66,0,44,0,44
19961100002599,-1,1740342,-1,5843781,0,2,8,2,4,835.0,2308.97,239.55,3383.52,0,0,458,458
19961200000077,3331200,2686254,2458472,2730763,0,10,12,12,11,4298.82,4692.94,5602.97,14594.73,780,1267,207,2254
19961200000188,2404800,2738880,2438400,2752000,0,7,11,10,9,1011.37,1684.83,1376.17,4072.37,0,50,0,50
19961200000400,691200,856145,769500,786940,0,45,34,33,37,0.0,230.68,693.83,924.51,0,0,207,207
19961200000599,-1,2527200,2484000,5828072,0,2,5,5,4,235.14,984.97,563.48,1783.59,0,382,0,382
19961200000667,651927,847800,1080000,863152,0,45,33,25,34,8048.77,5471.72,4698.28,18218.77,0,0,175,175
19961200000673,1387200,1250921,1673018,1505600,0,19,24,12,18,4279.67,4330.49,1881.52,10491.68,0,0,78,78
19961200000913,1873800,1546105,2322000,1950720,0,17,20,9,15,1392.81,1757.91,1994.13,5144.85,0,52,52,104
19961200000972,-1,2332800,1601280,2128168,1,0,4,16,6,0,1073.82,2551.55,3625.37,0,0,608,608
19961200001342,1180800,1103563,1237090,1351450,0,22,23,23,22,4512.8,3824.93,4459.24,12796.97,0,82,0,82
19961200001356,1507680,1690200,2035200,1876902,0,21,17,10,16,6639.67,2957.89,2084.85,11682.41,0,0,37,37
19961200001907,1507680,1440000,1814400,1556689,4,21,22,16,19,12833.04,13189.9,10289.7,36312.64,0,503,3850,4353
19961200002040,1062720,1614600,1229929,1523781,0,21,17,18,18,4264.25,3432.51,3481.45,11178.21,0,181,94,275
19961200002310,4455771,5184000,4734720,4815663,0,8,6,6,6,4497.4,6768.0,5695.38,16960.78,0,0,893,893
19961200002506,4377600,3061028,3297600,4077257,0,7,8,7,7,723.1,522.46,681.57,1927.13,0,155,0,155
19970100000142,12700800,4320000,2217600,4646400,0,3,6,10,6,257.65,1177.68,1591.83,3027.16,0,0,206,206
19970100000359,3715200,2797200,1728000,3841920,0,4,9,3,5,1933.86,1632.74,744.82,4311.42,0,45,0,45
19970100000406,1918080,2275200,1814400,2164214,0,16,13,13,14,3314.16,2160.9,2405.87,7880.93,0,0,464,464
19970100000492,1779840,3801600,3214080,3839400,0,6,5,6,5,4.24,339.67,6.55,350.46,0,379,0,379
19970100000774,2790720,641828,5339520,3704400,0,11,8,6,8,1865.95,405.78,1010.83,3282.56,0,0,154,154
19970100000964,3611520,1353600,2000492,3519860,0,6,4,14,8,568.4,594.3,4342.74,5505.44,111,447,0,558
19970100000975,1307781,905890,1323284,1176631,3,23,34,20,25,7118.03,8630.51,4803.25,20551.79,0,83,0,83
19970100000978,4860000,3818880,3033600,4203360,2,5,6,10,7,7257.1,5004.2,6716.93,18978.23,0,370,0,370
19970100001319,5054400,3261600,4216320,4379115,0,5,9,6,6,1217.62,2548.68,1181.79,4948.09,0,136,0,136
19970100001326,3830400,1123200,2838857,4167529,4,4,6,8,6,792.42,1221.46,1566.86,3580.74,0,0,174,174
19970100001684,-1,921600,2527200,3160800,0,0,4,9,4,0,513.9,2315.62,2829.52,0,216,0,216
19970100001747,3052800,9979200,-1,8886857,0,4,3,1,2,998.88,689.19,249.87,1937.94,0,414,0,414
19970100002269,2190857,3058560,1595076,2237538,0,15,11,14,13,3946.73,2593.34,2351.88,8891.95,669,365,1095,2129
19970100002303,3067200,2339446,1555200,2718276,0,7,14,6,9,713.0,7918.4,1246.2,9877.6,0,968,0,968
19970100002776,2035200,1837440,1215360,1966126,0,10,16,16,14,2410.83,3478.84,3928.4,9818.07,163,339,15,517
19970200000193,1126523,2652480,950400,1382400,4,27,11,26,21,6299.88,2933.09,5791.59,15024.56,127,213,129,469
19970200000491,979200,2727771,2275200,3248640,3,4,8,4,5,1255.2,997.3,760.54,3013.04,462,902,0,1364
19970200000956,2345142,-1,-1,5945890,0,8,2,2,4,961.34,574.22,318.98,1854.54,0,0,68,68
19970200001428,316800,2624400,2851200,3690514,2,4,9,9,7,1015.45,4268.21,3169.09,8452.75,0,0,290,290
19970200001750,-1,-1,2172342,2172342,0,0,0,8,2,0,0,1006.93,1006.93,0,0,94,94
19970300000060,691200,2453760,3168000,3780000,0,3,11,7,7,1269.63,2136.61,2522.52,5928.76,0,190,0,190
19970300000543,1872000,6350400,5126400,5212800,0,7,5,4,5,1266.43,1176.27,755.72,3198.42,34,0,0,34
19970300000545,7603200,4122514,12139200,6257828,0,4,8,3,5,714.69,1211.98,614.8,2541.47,0,306,0,306
19970300000678,4112640,1752685,1564800,3114156,0,6,8,10,8,1582.75,2077.02,2680.9,6340.67,0,0,142,142
19970300001047,-1,3600000,-1,6514560,0,0,4,2,2,0,248.5,0.0,248.5,0,107,0,107
19970300001111,1500631,1931657,1531200,1670943,0,20,15,19,18,4631.1,2637.23,2851.78,10120.11,82,0,0,82
19970400000249,6696000,4095360,9633600,6273969,0,5,6,3,4,599.86,2409.5,1143.92,4153.28,0,0,150,150
19970400000475,1095428,1278000,1056738,1127520,1,29,25,27,27,4920.15,3283.08,3745.9,11949.13,640,1323,4634,6597
19970400000559,-1,-1,6998400,8449920,0,0,2,4,2,0,260.84,653.66,914.5,0,79,0,79
19970400000804,1335272,1132800,1272436,1247473,2,23,28,23,24,2097.23,2564.64,2163.32,6825.19,75,0,327,402
19970400001036,8006400,3300480,3974400,5432400,0,4,6,7,5,773.2,936.62,1987.78,3697.6,88,507,389,984
19970400001041,2554971,3484800,1350981,3328278,0,8,4,12,8,1575.86,729.38,3520.16,5825.4,0,43,0,43
19970400001188,4039200,3315600,1304640,2274352,0,5,9,21,11,521.75,3027.04,11226.68,14775.47,0,0,352,352
19970400001551,3427200,3421440,1872000,4106273,0,4,6,10,6,489.42,819.0,1373.55,2681.97,0,0,158,158
19970400001754,1015200,2207127,1840320,1682042,1,25,12,11,16,1461.82,1477.13,880.7,3819.65,57,136,389,582
19970400001881,1319563,12700800,2918400,2582125,0,23,3,10,12,7044.39,1023.52,2512.47,10580.38,144,0,264,408
19970500000017,2534400,2246400,-1,7948800,0,4,3,2,3,1512.61,1184.04,262.04,2958.69,0,198,0,198
19970500000542,1311026,802285,689092,966944,2,24,29,42,31,6420.72,6334.14,8620.89,21375.75,0,86,118,204
19970500000556,2726400,10425600,3043200,3636313,0,10,4,10,8,1339.59,421.23,1831.53,3592.35,0,270,722,992
19970500001058,699428,622080,940800,734042,0,43,51,28,40,7634.34,7339.97,4471.42,19445.73,0,1336,5870,7206
19970500001728,6624000,3715200,4147200,6480000,3,4,4,6,4,2046.76,811.56,1296.48,4154.8,0,0,626,626
19970500001899,4392000,-1,3352320,6526523,0,7,1,6,4,1222.34,204.11,1286.98,2713.43,60,0,0,60
19970500001971,-1,720000,950400,4505142,0,0,4,4,2,0,1332.78,757.5,2090.28,0,0,145,145
19970600000362,2409600,3466800,2434909,2744640,3,10,9,12,10,1957.51,1968.29,1375.44,5301.24,140,0,0,140
19970600000473,594432,675840,588255,630600,8,51,46,48,48,14253.04,9406.48,10091.04,33750.56,768,1772,0,2540
19970600000517,1797120,2050036,3574800,2798245,0,11,12,9,10,1037.81,1687.32,3599.8,6324.93,0,0,426,426
19970600000529,1593600,1134469,1205843,1375854,1,19,24,24,22,4333.81,5399.65,3789.29,13522.75,0,204,822,1026
19970600001168,2654836,4147200,4631040,3899269,0,12,6,6,8,1428.72,603.56,681.08,2713.36,0,64,0,64
19970600001325,3434400,6177600,1836000,3422769,0,9,5,13,9,1108.18,844.45,2011.25,3963.88,0,0,1121,1121
19970600001456,1541557,1408320,1507200,1521518,3,20,21,19,20,8451.68,7249.47,7244.9,22946.05,0,485,0,485
19970600001633,2183563,686652,1173221,1538258,0,12,20,20,17,1159.22,7676.29,10670.15,19505.66,0,236,1188,1424
19970700000153,3142800,1728000,2774400,2808000,0,9,14,10,11,2889.66,4473.63,2944.75,10308.04,0,0,1221,1221
19970700000656,2033723,1883520,4060800,2405189,0,14,16,8,12,2757.36,2429.57,1595.89,6782.82,0,39,0,39
19970700000882,-1,2476800,-1,9689142,0,2,4,2,2,501.15,1004.5,357.52,1863.17,0,0,195,195
19970700000921,2972160,4564800,4060800,3790800,0,6,7,4,5,4818.82,1598.15,1042.03,7459.0,0,81,177,258
19970700001149,1612800,2661120,3304800,4147200,0,4,6,9,6,365.66,526.58,809.4,1701.64,0,160,0,160
19970700001723,1949400,1230336,1130400,1365635,6,17,26,25,22,7699.15,9328.69,9006.46,26034.3,0,625,0,625
19970700001844,662400,-1,1399680,5945890,0,4,2,6,4,1216.5,149.3,1279.54,2645.34,0,0,144,144
19970700001861,3466800,2348509,2999314,3178285,1,9,12,8,9,2754.41,2211.14,1356.17,6321.72,0,0,680,680
19970700002320,1481142,1768658,1162800,1421550,3,22,18,25,21,4265.12,3087.16,4342.34,11694.62,0,114,0,114
19970800001148,2732400,4752000,-1,3867670,0,9,7,2,6,3826.94,3378.39,837.84,8043.17,0,383,95,478
19970900000406,-1,4536000,5788800,4953600,0,2,5,3,3,157.42,794.63,233.46,1185.51,0,0,121,121
19970900000573,-1,3172114,2145600,3844800,0,2,8,7,5,229.66,935.42,1214.71,2379.79,0,381,0,381
19970900000591,2916000,4821120,2211840,5513400,0,5,6,6,5,3607.08,1250.52,1552.1,6409.7,0,218,928,1146
19970900000942,1343520,1137024,1198330,1252800,1,21,26,24,23,7851.79,10366.2,8724.67,26942.66,0,0,232,232
19970900000954,-1,2044800,2468571,2246400,0,0,7,8,5,0,791.59,1098.6,1890.19,0,316,338,654
19970900001428,1586057,1586618,2529163,2305515,0,15,12,12,13,173.47,6273.77,37.16,6484.4,263,465,0,728
19970900001432,1411200,830400,1539952,1181178,2,22,37,18,25,6266.55,10241.56,3809.27,20317.38,0,26,0,26
19970900001525,2626560,1694769,2340654,2486400,2,11,14,12,12,2592.98,2449.1,1881.99,6924.07,18,1012,0,1030
19970900001816,1517400,1089257,1179547,1234643,0,17,29,24,23,2337.77,3171.26,3330.61,8839.64,0,175,0,175
19971000000843,-1,2102400,1448861,2153353,0,0,13,14,9,0,4372.16,3903.23,8275.39,0,155,0,155
19971000001055,-1,7574400,4579200,7579636,0,2,4,6,4,299.48,914.1,1395.9,2609.48,0,309,192,501
19971000001064,754248,619826,751913,728734,0,38,47,38,41,2906.92,1372.74,2247.81,6527.47,101,173,0,274
19971000001260,-1,1209600,2160000,7021963,0,2,4,6,4,0.0,814.8,489.42,1304.22,0,185,0,185
19971000001404,3686400,6969600,5990400,7493236,0,4,4,4,4,1434.55,2734.06,1409.75,5578.36,0,44,0,44
19971000001429,5767200,5299200,-1,6402240,2,5,4,2,3,453.91,819.48,448.31,1721.7,659,1009,425,2093
19971000001453,-1,2740114,1839085,2753280,0,0,8,8,5,0,3160.86,3322.56,6483.42,0,272,0,272
19971000001797,707274,597600,834206,716695,2,44,49,30,41,11864.5,13348.78,7528.02,32741.3,0,284,0,284
19971100000261,1386947,1947927,1636200,1834200,0,20,12,17,16,4580.18,2722.07,4528.81,11831.06,0,65,0,65
19971100000560,-1,-1,5184000,11269028,0,2,2,4,2,400.76,363.58,476.58,1240.92,0,103,0,103
19971100001199,2703085,2304000,2080246,3376512,1,8,4,14,8,1931.26,493.54,2839.85,5264.65,0,0,47,47
19971100001333,2235600,2626560,2617920,3207168,0,9,6,11,8,3270.33,2487.47,3379.74,9137.54,0,0,696,696
19971100001340,-1,9446400,1555200,6825600,0,0,4,3,2,0,696.65,695.24,1391.89,0,0,237,237
19971100001422,2743200,2061257,1684800,4792320,0,5,8,3,5,1035.66,2165.38,1307.02,4508.06,0,84,0,84
19971100001484,3690514,2661120,5328000,5168752,0,8,6,4,6,3153.66,841.56,378.25,4373.47,0,56,0,56
19971100001609,2352738,2275200,1625400,2091683,0,14,13,17,14,10219.17,11604.5,10825.5,32649.17,0,0,188,188
19971200000260,4665600,3507840,3326400,5339520,0,3,6,7,5,827.79,492.1,780.06,2099.95,0,0,88,88
19971200000969,1458000,887563,606763,873094,1,17,34,45,32,3583.25,11563.86,10707.53,25854.64,0,0,146,146
19971200001247,1423542,1123200,1334880,1271314,2,22,28,21,23,5409.7,6374.3,3394.87,15178.87,301,1498,1700,3499
19971200001792,2611200,2269963,2301381,2592000,3,10,12,12,11,1824.53,1999.6,2173.82,5997.95,0,0,633,633
19980100000763,3556800,3715200,1635840,2908800,3,7,8,16,10,528.53,638.68,1469.58,2636.79,69,318,1372,1759
19980100001100,1771200,2001600,2515200,2444283,3,9,13,10,10,2446.31,6885.34,1761.79,11093.44,632,0,222,854
19980200001264,2920320,3326400,3297600,3160246,0,11,9,7,9,1039.51,632.58,480.44,2152.53,0,329,0,329
19980200001496,-1,-1,12398400,14515200,0,2,2,3,2,525.67,535.63,571.43,1632.73,234,0,0,234
19980200001698,-1,-1,3517714,4492800,0,0,2,8,3,0,430.22,1645.58,2075.8,0,108,0,108
19980200001774,1967261,1329808,1264581,1510560,0,14,24,23,20,1850.5,3799.31,2732.16,8381.97,0,168,0,168
19980200001866,-1,2985600,4752000,4995952,0,2,10,6,6,274.99,1693.34,911.88,2880.21,85,163,0,248
19980300000077,1238400,1926720,3254400,2921142,0,4,11,7,7,1552.5,3140.78,1213.56,5906.84,0,0,42,42
19980300000424,2764800,4752000,4026240,4545600,0,9,4,6,6,2206.56,826.52,1407.36,4440.44,132,0,0,132
19980300000475,9331200,3186000,3715200,4886400,1,3,9,7,6,682.28,2464.67,1613.14,4760.09,0,0,501,501
19980300000554,4896000,2505600,3823200,6076800,0,4,4,5,4,185.28,285.56,487.32,958.16,0,0,112,112
19980300000590,1526400,-1,842400,7758720,3,4,2,5,3,1449.18,1441.28,3131.1,6021.56,0,0,788,788
19980300000692,-1,1496084,662400,1278450,0,2,20,43,21,414.42,4180.4,7529.42,12124.24,0,0,4046,4046
19980300001013,4550400,4608000,-1,6499200,0,4,4,2,3,1417.48,1110.06,572.1,3099.64,212,0,220,432
19980300001063,-1,2570400,2583360,3233828,0,2,9,11,7,424.66,2801.95,2798.58,6025.19,0,0,297,297
19980300001151,1382400,501120,432000,5370092,0,4,6,4,4,745.38,1380.4,908.0,3033.78,0,373,0,373
19980300001160,2752457,2456228,3312000,4802021,0,8,8,4,6,959.17,754.76,372.92,2086.85,62,0,0,62
19980300001375,2411345,2707200,2144290,2497745,1,12,10,12,11,2969.98,2727.47,3135.55,8833.0,74,0,110,184
19980400000368,4320000,2340654,5644800,3746618,0,7,12,4,7,1722.13,2660.57,739.03,5121.73,0,0,142,142
19980400000419,4363200,2707200,5745600,4151747,0,5,10,5,6,727.59,1750.7,666.02,3144.31,0,156,0,156
19980400001061,1299756,1033344,1459200,1315058,0,24,26,19,23,3689.93,3624.28,4417.57,11731.78,0,74,258,332
19980500000688,1699200,1845818,2134080,2379702,4,13,12,11,12,5303.55,5793.74,2941.08,14038.37,646,771,1679,3096
19980500000765,5918400,4060800,-1,4506092,4,5,8,1,4,1703.9,2234.74,250.2,4188.84,171,0,0,171
19980500000905,6451200,1900800,-1,9129600,0,4,4,2,3,591.01,582.6,234.08,1407.69,1116,444,0,1560
19980500001055,1843200,2715428,1814400,3267490,0,4,8,11,7,1624.84,1555.37,1827.53,5007.74,0,0,167,167
19980600000471,2323200,2427054,1916509,2301381,0,10,12,12,11,692.94,1218.82,1477.67,3389.43,144,0,0,144
19980600000654,2808000,2406857,1999542,3211200,1,9,8,8,8,632.19,617.22,933.74,2183.15,0,991,0,991
19980700000070,3136320,2563200,1123200,3410921,0,11,7,6,8,2486.28,1396.65,1646.02,5528.95,142,213,0,355
19980700000409,2548800,4048457,3283200,3125426,0,9,8,7,8,1085.81,1076.67,880.45,3042.93,0,146,236,382
19980700001238,-1,11880000,2548800,6291490,0,2,3,7,4,4480.57,4239.57,4128.53,12848.67,0,0,337,337
19980800000254,1080000,1958400,1274400,3283200,0,3,7,9,6,1372.68,2295.61,2049.73,5718.02,0,0,218,218
19980800000575,2689200,1922400,2453760,2737800,0,9,13,11,11,4252.6,6433.38,8180.38,18866.36,0,0,136,136
19980800000673,1411200,1262191,1108800,1278720,4,22,24,25,23,3299.45,3834.61,3291.61,10425.67,0,0,220,220
19980800000769,6168960,5356800,2986971,4960376,0,6,4,8,6,2049.15,1489.12,2299.27,5837.54,0,0,319,319
19980800001081,6026400,2793600,1958400,3777600,0,5,10,4,6,4502.01,6528.79,1295.28,12326.08,191,191,0,382
19980900000380,4665600,6739200,2908800,4849920,0,4,5,7,5,816.52,1348.89,1791.8,3957.21,0,36,0,36
19980900000550,1636517,1318539,999771,1291062,0,18,24,29,23,1500.96,1933.45,2632.06,6066.47,0,0,235,235
19980900001309,3510000,2505600,2974628,3390336,0,9,9,8,8,1313.97,1607.76,1594.26,4515.99,0,292,0,292
19980900001333,1007006,1494211,738000,1126800,0,30,18,25,24,11606.93,6152.78,12700.79,30460.5,874,0,0,874
19980900001444,5680800,4147200,-1,5529600,2,5,6,2,4,1093.08,997.58,416.44,2507.1,0,75,0,75
19980900001549,2956800,4780800,-1,4204800,1,10,4,2,5,1827.8,1372.78,276.36,3476.94,127,0,65,192
19981000000402,4363200,2620800,5097600,6088320,0,7,4,5,5,374.67,1250.72,432.75,2058.14,0,410,0,410
19981000000654,10022400,3678171,1929600,4156800,0,4,8,7,6,410.82,920.49,682.59,2013.9,0,93,0,93
19981000000775,5644800,-1,3715200,7067520,0,4,2,5,3,608.89,211.78,1083.3,1903.97,173,0,0,173
19981000000927,-1,4946400,3196800,4744145,0,2,5,5,4,253.88,1128.58,1489.82,2872.28,0,215,177,392
19981100000334,-1,6768000,1226880,5740800,0,0,4,6,3,0,435.24,580.56,1015.8,0,55,0,55
19981100000865,3350400,1180800,2592000,4650352,0,10,4,4,6,2084.1,375.88,1300.94,3760.92,216,0,0,216
19981100000980,4579200,2397600,2716800,3009103,0,7,13,10,10,1341.3,2198.11,1929.86,5469.27,0,38,108,146
19981100001133,5322240,2419200,2851200,3119657,0,6,12,11,9,1669.51,5293.58,4549.54,11512.63,0,705,0,705
19981200000342,-1,4233600,4337280,4680000,0,2,5,6,4,1099.32,714.98,1728.1,3542.4,116,0,0,116
19981200000441,953100,1241018,1078272,1122133,0,33,23,26,27,4389.54,2755.66,3313.48,10458.68,192,0,0,192
19981200000675,1874215,1889280,1094400,2419200,0,14,16,4,11,1965.06,2596.7,582.14,5143.9,0,98,0,98
19981200001062,4636800,3744000,2925257,5978880,0,4,4,8,5,72.57,91.51,133.04,297.12,511,1742,0,2253
19981200001118,-1,1060363,1105920,1854276,0,2,12,26,13,601.56,1669.2,3113.89,5384.65,0,0,494,494
19990100000396,915300,722057,904320,856664,1,33,43,31,35,8473.35,15870.34,14183.08,38526.77,0,1087,0,1087
19990100000570,2061257,2141485,2797200,2398736,0,15,15,9,13,3977.57,3819.68,1592.78,9390.03,0,168,0,168
19990100000832,1546105,1468800,1373305,1574905,7,20,18,20,19,3427.77,2687.28,2855.18,8970.23,0,142,98,240
19990100001032,2448000,3513600,3468342,4648320,0,4,4,8,5,1450.54,507.13,1224.38,3182.05,235,0,0,235
19990200000647,6004800,-1,3752228,7358400,0,3,2,8,4,585.14,690.04,1112.34,2387.52,0,0,171,171
19990300000097,4307657,806400,979200,4930560,0,8,4,4,5,2764.32,1269.0,5954.24,9987.56,0,224,0,224
19990300000773,5149440,1468800,2263680,6030720,0,6,4,6,5,893.34,1063.49,1426.72,3383.55,0,174,0,174
19990300000903,1873800,1839811,1647000,1739858,1,17,18,17,17,3130.52,1696.14,1542.8,6369.46,875,507,448,1830
19990300001076,-1,4406400,5011200,9024000,0,1,4,5,3,510.51,1722.5,1710.68,3943.69,0,0,68,68
19990400000332,-1,518400,2829600,6156000,0,0,4,5,3,0,0.0,1953.39,1953.39,0,0,87,87
19990400000348,4363200,-1,2026472,5575680,0,3,1,12,5,381.98,766.88,6527.87,7676.73,0,0,380,380
19990400000506,129600,6940800,397440,5112000,0,3,4,6,4,372.08,838.04,1356.6,2566.72,26,355,514,895
19990400001222,563956,423360,420394,471637,0,56,71,68,65,24131.8,24312.51,21769.33,70213.64,28,0,164,192
19990500000641,-1,2980800,4579200,12052800,2,1,3,3,2,252.09,351.11,393.43,996.63,0,179,118,297
19990500000875,3024000,3776914,1891200,3097107,0,9,8,10,9,923.51,961.46,1063.84,2948.81,1122,0,0,1122
19990500001168,4795200,1779840,3182400,4723200,0,3,6,7,5,810.59,793.64,2512.16,4116.39,119,0,0,119
19990500001214,3925028,2574720,2616685,3900342,2,8,6,8,7,6289.28,3115.22,3277.0,12681.5,0,0,224,224
19990600000594,1419428,1107771,1232139,1225945,1,22,29,24,25,3967.69,6531.45,5624.25,16123.39,144,45,290,479
19990600000899,775440,833643,768259,788772,0,41,38,38,39,183.97,1358.2,3483.43,5025.6,103,486,522,1111
19990800000302,1042758,874164,858600,927241,0,30,35,33,32,5960.93,6072.88,6856.09,18889.9,0,0,116,116
19990800000317,-1,-1,4924800,4924800,0,0,0,3,1,0,0,27.18,27.18,0,0,76,76
19990800000524,-1,2920320,-1,6035657,0,2,11,2,5,378.62,1840.21,194.56,2413.39,0,0,93,93
19990800001466,1863000,1230171,1425600,1567326,2,17,22,19,19,4699.5,5303.36,4605.8,14608.66,151,229,350,730
19990800002090,1161600,864000,2160000,2934144,0,10,4,12,8,1272.52,799.5,4455.93,6527.95,337,0,0,337
19990800002138,838313,1008929,876342,901028,0,38,32,8,26,8089.46,4634.31,1793.05,14516.82,607,730,0,1337
19990800002203,-1,3332571,5068800,4398545,0,0,8,4,4,0,2189.72,1183.42,3373.14,0,26,0,26
19990900000169,1579200,1390254,2073600,1532160,0,19,23,4,15,3906.98,4226.19,232.39,8365.56,0,53,0,53
19990900000229,1324800,-1,2073600,12254400,0,4,0,3,2,570.36,0,361.59,931.95,130,0,0,130
19990900000729,1792800,1687680,1473347,1737969,2,17,16,20,17,1929.73,1170.46,1699.47,4799.66,553,738,1203,2494
19990900001044,3038400,2125440,1872000,3283200,0,7,11,4,7,1681.92,3140.31,290.56,5112.79,0,56,0,56
19990900001267,4248000,3912685,3931200,4143085,8,7,8,7,7,974.73,1249.38,1074.73,3298.84,0,14,0,14
19990900001944,947612,796281,1094400,950400,4,32,38,25,31,8159.22,9739.68,7730.21,25629.11,0,505,0,505
19991000000562,1612800,-1,-1,9220114,0,4,2,2,2,2043.72,327.1,422.1,2792.92,0,0,264,264
19991000000597,3099600,2649600,4959360,3650400,1,9,10,6,8,3352.13,9511.94,916.06,13780.13,0,339,0,339
19991000000690,3456000,2345142,1490400,2656000,3,3,8,17,9,655.66,2071.87,4316.54,7044.07,0,711,0,711
19991000000879,2434909,3153600,2348509,3006720,2,12,7,12,10,10223.31,6783.23,6123.8,23130.34,0,299,0,299
19991000001091,3348000,3443657,3585600,4156294,0,9,8,3,6,2713.04,1309.89,1347.78,5370.71,0,116,116,232
19991000002175,1809000,2010763,1555200,1943080,2,17,12,19,16,2560.65,2356.84,3518.5,8435.99,0,189,415,604
19991100000192,-1,-1,907200,907200,0,0,0,3,1,0,0,386.5,386.5,0,0,176,176
19991100001214,2395636,1857600,2775600,2550034,0,12,15,9,12,3153.63,4538.52,2166.41,9858.56,0,299,0,299
19991100001346,-1,5097600,-1,9109028,0,2,4,2,2,382.54,673.38,356.06,1411.98,0,196,0,196
19991200000559,-1,14515200,5270400,10725942,1,1,3,4,2,852.36,3929.07,3988.37,8769.8,0,311,26,337
19991200000615,7056000,3912685,3456000,4520084,0,4,8,8,6,603.42,740.0,897.18,2240.6,0,0,363,363
19991200000619,2956800,3591771,1238400,3760457,0,10,8,4,7,694.38,723.04,330.84,1748.26,0,429,0,429
19991200000753,1968685,1699200,1907446,1983272,0,15,16,14,15,1861.81,1450.06,1267.71,4579.58,0,122,0,122
19991200001150,4521600,3888000,2361600,5977309,0,4,4,4,4,0.0,0.0,0.0,0.0,137,256,263,656
19991200001249,1520640,997780,936000,1089889,0,21,32,31,28,1825.75,3787.6,4353.17,9966.52,0,735,0,735
20000100000499,-1,3945600,2592000,7785600,0,2,4,4,3,3523.02,1793.12,558.7,5874.84,0,121,0,121
20000100000541,4337280,2581200,1717200,3407165,0,6,9,9,8,956.94,1398.43,1550.98,3906.35,0,186,0,186
20000100000903,1425600,888685,1188000,1102420,13,23,36,21,26,3058.31,4495.88,3068.23,10622.42,1111,1776,0,2887
20000200000621,2829600,2306215,1369107,2426400,0,9,14,14,12,2690.8,3451.0,2269.6,8411.4,0,295,0,295
20000200000804,1524960,1213056,1202086,1296000,1,21,26,24,23,1788.09,2107.66,2949.14,6844.89,0,336,0,336
20000200001012,2980800,1900800,2466327,2647905,0,11,12,12,11,1164.24,1111.92,1356.74,3632.9,198,0,1160,1358
20000200001211,6782400,9849600,-1,9491657,0,3,3,2,2,1658.22,1501.4,818.52,3978.14,0,87,0,87
20000300000539,2030400,1526400,1570447,1733082,3,15,19,18,17,1884.21,2023.19,2129.74,6037.14,0,0,42,42
20000300000797,3525120,4161600,2208000,3573818,0,6,7,10,7,534.54,763.08,1790.72,3088.34,0,0,220,220
20000300001249,6436800,1755000,2617920,2743200,0,5,17,11,11,1588.75,4775.8,3843.18,10207.73,92,0,0,92
20000300001323,2019600,2262109,2002909,2327400,0,9,12,12,11,736.2,1221.38,1712.46,3670.04,0,36,0,36
20000300001327,2473200,5685120,-1,4185000,0,9,6,2,5,988.1,575.13,148.02,1711.25,465,185,245,895
20000300001601,1061485,999360,1002857,1033854,5,29,31,29,29,8215.97,6824.25,4958.95,19999.17,0,170,476,646
20000300001730,2840400,1531200,1138447,1714560,0,9,19,18,15,1299.94,3011.89,2901.13,7212.96,0,0,231,231
20000300001860,-1,2563200,-1,4924800,0,0,4,2,2,0,828.82,337.68,1166.5,0,100,0,100
20000300001937,-1,-1,6739200,18247680,0,2,0,4,2,283.57,0,514.39,797.96,0,0,1080,1080
20000400000017,4734720,1993371,2188800,2707200,4,6,15,10,10,5951.8,11335.0,8847.01,26133.81,0,1276,2360,3636
20000400000362,1738164,1478964,1119600,1501920,4,18,18,25,20,2465.43,2062.72,2804.87,7333.02,0,435,0,435
20000400000412,2056320,1341078,1934030,1666052,0,16,24,14,18,2310.7,2984.82,1643.68,6939.2,0,154,0,154
20000400000500,1995840,1550880,1728000,1672200,2,11,21,17,16,1319.28,2812.91,1919.31,6051.5,0,66,0,66
20000400000562,-1,2258742,1158545,1589760,0,0,8,23,10,0,2448.02,5736.24,8184.26,0,117,0,117
20000400000718,2372072,2450618,2356363,2517942,0,12,12,12,12,3759.03,4132.32,4679.32,12570.67,0,694,0,694
20000400001358,1314782,1307269,1454400,1358836,4,24,24,19,22,4000.4,4389.87,4603.68,12993.95,28,0,0,28
20000500000099,2053661,2230690,6004800,2891520,1,14,12,5,10,4176.84,2607.04,1754.0,8537.88,0,0,216,216
20000500000372,-1,-1,2448000,5270400,4,1,2,7,3,468.88,738.75,3678.75,4886.38,0,0,56,56
20000500000581,1827692,3196800,5486400,2741538,0,14,10,3,9,4121.11,1885.48,636.8,6643.39,0,76,0,76
20000500000701,-1,-1,1851428,6542836,0,2,2,8,4,0.0,215.54,0.0,215.54,0,0,60,60
20000500000932,1792800,584861,845100,1017384,0,17,40,33,30,2446.88,4377.71,3488.51,10313.1,100,0,0,100
20000500001293,872937,782537,908593,896065,4,30,36,32,32,3409.46,6447.94,4324.05,14181.45,0,0,498,498
20000500001593,-1,2055085,3931200,2564715,1,2,15,3,6,135.26,1164.15,237.85,1537.26,0,29,0,29
20000500002556,873257,1042560,802285,898560,9,29,31,36,32,3305.2,2684.68,6096.74,12086.62,66,0,212,278
20000500002589,1178496,697371,1217828,979200,0,26,43,22,30,10012.26,21123.36,14014.74,45150.36,34,571,341,946
20000600000867,3520800,2877120,3888000,3386215,0,9,11,7,9,1689.11,2186.64,1385.68,5261.43,212,892,330,1434
20000600001125,1614315,1359860,1183304,1346292,3,20,24,24,22,2329.99,5530.53,2873.37,10733.89,0,857,95,952
20000600001312,1407085,1320685,1519623,1600000,0,15,22,18,18,3591.22,6138.21,4823.18,14552.61,0,155,0,155
20000600001502,993600,846211,707545,863161,1,31,35,38,34,7318.52,7552.69,10351.15,25222.36,0,959,1482,2441
20000600001584,-1,-1,1852800,4272872,0,0,2,10,4,0,721.1,2092.29,2813.39,0,0,64,64
20000700000565,2629028,1785600,1490400,3075840,0,8,13,5,8,2870.5,3763.16,3327.6,9961.26,0,354,0,354
20000700000664,366419,330408,331369,349241,15,84,92,86,87,25715.64,26504.08,24885.68,77105.4,0,72,0,72
20000700001346,2324945,4208914,3142800,3141257,0,12,8,9,9,7292.33,5001.08,4216.49,16509.9,0,81,0,81
20000700001517,5500800,-1,-1,7701942,0,4,2,2,2,467.92,191.12,508.56,1167.6,20,44,0,64
20000700001702,1300800,1449600,1834338,1711058,4,19,19,14,17,4516.27,7727.01,4755.36,16998.64,0,99,0,99
20000800000558,2121600,1431771,1746514,1780591,0,10,22,15,15,1330.69,2506.19,1773.64,5610.52,0,142,0,142
20000800001172,2505600,5097600,6825600,5986285,0,4,6,5,5,138.8,654.63,328.36,1121.79,0,933,465,1398
20000800001333,1785600,1935360,2635200,3177163,0,7,11,5,7,530.46,1443.06,1229.86,3203.38,0,0,149,149
20000800001347,-1,6739200,3352320,7922880,0,1,4,6,3,264.78,734.24,1118.64,2117.66,0,519,0,519
20000800001381,1009515,4043520,2062800,2388705,0,20,6,9,11,4994.42,1691.97,2221.51,8907.9,176,176,0,352
20000800001396,-1,-1,5529600,12108342,0,2,2,4,2,294.32,142.74,180.64,617.7,0,224,638,862
20000900000131,2894400,1526400,1486080,2250947,0,7,16,16,13,1296.5,3071.42,2676.22,7044.14,0,30,0,30
20000900001447,2166171,6249600,3456000,3754472,0,15,4,4,7,1618.83,538.39,470.74,2627.96,125,0,0,125
20001000000315,1785600,1809000,1423326,1759738,0,13,17,20,16,1314.45,1443.11,1943.65,4701.21,186,0,0,186
20001000001181,-1,-1,3991680,4036114,0,0,2,6,2,0,328.54,6039.72,6368.26,0,0,488,488
20001100000185,2376000,-1,6350400,12145371,2,3,2,3,2,962.25,418.83,1161.82,2542.9,0,68,0,68
20001100000275,-1,-1,5292000,12571200,0,2,0,5,2,778.62,0,869.41,1648.03,0,0,582,582
20001100000344,853835,515314,369163,532714,7,35,57,78,56,7036.45,9765.49,13176.4,29978.34,0,112,65,177
20001100000911,955800,3767040,1963636,2442070,0,17,6,12,11,1366.15,872.1,2106.24,4344.49,613,0,0,613
20001200000119,-1,1036800,2563200,8323200,0,2,4,4,3,125.54,2400.04,2935.44,5461.02,0,0,198,198
20001200000359,1540800,2152145,1570447,1884600,1,19,12,18,16,2934.37,2121.74,2742.84,7798.95,0,0,96,96
20001200000780,221875,293433,226185,247307,13,126,107,124,119,14095.36,12665.81,11714.97,38476.14,114,0,0,114
20001200000973,1572480,7804800,1272436,3554742,0,6,4,12,7,711.38,377.64,1905.88,2994.9,0,0,511,511
20001200001044,4550400,5500800,5817600,6589963,3,4,4,4,4,1870.8,1837.5,1692.25,5400.55,143,590,841,1574
20010100000463,2529163,3358800,3024000,2943360,1,12,9,10,10,3388.49,2207.2,2349.92,7945.61,44,40,0,84
20010100001101,-1,7833600,11793600,10551600,0,2,4,3,3,678.12,812.36,631.99,2122.47,0,80,0,80
20010200000837,-1,3663360,936000,1609920,0,0,6,25,10,0,978.7,4468.76,5447.46,0,0,154,154
20010200001275,2221714,1964160,1827692,2046109,0,15,16,14,15,1939.79,2140.75,1678.7,5759.24,0,130,166,296
20010300000347,1339200,1072000,1108800,1183104,0,23,28,25,25,5595.7,4583.34,3955.14,14134.18,0,0,94,94
20010300000616,-1,-1,3024000,9084342,0,2,2,4,2,1284.86,968.09,1062.46,3315.41,0,36,0,36
20010300000917,-1,1800000,1934030,2200114,0,2,13,14,9,279.0,1898.41,1587.12,3764.53,0,0,56,56
20010400000268,4852800,2764800,2406857,3362400,0,7,10,8,8,955.07,1225.02,1995.8,4175.89,412,0,0,412
20010400000440,7732800,8323200,3110400,7456320,0,3,4,4,3,715.93,340.2,355.81,1411.94,0,0,60,60
20010500000310,3939840,2222836,2616685,3134592,0,6,12,8,8,517.8,1003.86,849.79,2371.45,0,0,128,128
20010500000441,-1,6278400,4809600,8860800,0,2,4,4,3,205.54,478.98,357.2,1041.72,0,39,39,78
20010600000236,1112832,1205280,1270588,1394550,0,26,21,18,21,6590.61,6457.53,2763.93,15812.07,221,235,0,456
20010600000516,2790720,3974400,2851200,4688336,0,11,3,6,6,1856.06,507.51,1051.03,3414.6,59,0,0,59
20010600000607,1440000,1324800,-1,7459200,0,4,4,2,3,557.22,491.74,332.04,1381.0,0,144,0,144
20010700000123,4852800,5616000,2799360,4084363,2,7,5,11,7,2340.39,1538.94,3193.12,7072.45,198,0,0,198
20010800000269,2066400,5558400,2121600,2977476,0,13,4,10,9,3114.88,575.76,2079.51,5770.15,417,104,677,1198
20010800000709,1175791,1763576,1314189,1456052,0,24,18,20,20,3386.34,2926.12,3734.9,10047.36,0,0,444,444
20011000000159,2726400,2183563,1343520,2090057,4,10,12,21,14,4676.28,1623.08,3726.58,10025.94,274,378,224,876
20011000000849,969909,822034,729600,861507,3,32,36,37,35,8094.73,8570.25,10411.8,27076.78,920,802,1598,3320
20011000001292,5253120,4613760,2652480,4045090,0,6,6,11,7,967.64,971.31,1967.16,3906.11,258,0,0,258
20011000001293,1416960,1819800,3729600,2057890,0,21,17,7,15,3694.56,2850.99,933.21,7478.76,0,68,0,68
20011000001346,1763576,1378472,1106742,1393548,4,18,23,22,21,6221.2,7801.89,8135.41,22158.5,0,1039,0,1039
20011100000261,3216000,1900800,2357485,2695680,0,10,13,8,10,5593.17,6560.41,3812.44,15966.02,0,182,0,182
20011100000262,3300480,2851200,2357485,3675927,0,6,9,8,7,3009.61,3828.89,4241.52,11080.02,0,385,703,1088
20011100000691,-1,3335040,4026240,5330215,0,2,6,6,4,203.72,661.76,991.98,1857.46,0,197,0,197
20011200000579,720000,1468800,-1,7651200,0,4,4,2,3,378.18,564.65,1337.08,2279.91,0,0,828,828
20011200000796,7891200,5760000,8164800,7983360,0,4,4,3,3,1692.91,1924.55,1385.95,5003.41,276,0,0,276
20020100000111,4435200,4449600,3665828,4250057,1,7,7,8,7,1480.78,1509.33,1635.87,4625.98,0,108,0,108
20020100000502,4982400,-1,2730240,6495709,0,4,2,6,4,685.18,314.32,1079.6,2079.1,0,0,117,117
20020100000579,920606,994993,918720,972939,0,30,32,31,31,9397.45,8728.5,7143.24,25269.19,0,87,0,87
20020100000790,2937600,2167200,2697600,2989440,0,8,13,10,10,136.09,47.33,5.76,189.18,0,0,406,406
20020100001252,1861527,1799152,2284800,1889723,0,12,18,10,13,2018.62,2562.22,1391.88,5972.72,0,0,194,194
20020100001321,3388800,2062080,1572480,2119960,2,10,16,16,14,1507.59,1964.57,2239.0,5711.16,0,576,0,576
20020300000064,5832000,-1,3641142,6017142,0,5,2,8,5,2447.6,318.04,2859.97,5625.61,0,0,60,60
20020300001222,1065600,901440,966400,1046846,0,28,31,28,29,5570.82,8907.92,7849.99,22328.73,209,1036,265,1510
20020400000714,2090880,2606400,1539952,1966539,1,16,13,18,15,3961.6,3450.9,4531.3,11943.8,1100,2111,3925,7136
20020400000883,1532463,1299756,1464000,1449290,0,20,24,19,21,3515.12,4531.67,2679.85,10726.64,0,341,0,341
20020400001097,2599854,3011657,1929600,2886951,1,12,8,10,10,1213.2,665.42,1320.42,3199.04,0,77,405,482
20020500000281,2450618,2455200,2109600,2323459,0,12,13,13,12,942.38,1095.3,1173.9,3211.58,148,0,0,148
20020600000480,6364800,6220800,1843200,6008727,0,4,4,4,4,851.88,609.56,823.47,2284.91,399,0,215,614
20020600000494,3335040,1658880,1441515,1997736,0,6,16,20,14,633.39,3094.18,3135.24,6862.81,185,425,158,768
20020600000611,5356800,2289600,947520,1853004,1,4,13,31,16,941.44,2631.53,5150.61,8723.58,0,223,840,1063
20020800000276,1533600,1351905,1289828,1765028,0,17,18,15,16,4730.7,4324.14,3112.42,12167.26,288,216,544,1048
20020800000500,2712960,4550400,-1,5346000,0,11,4,2,5,2157.63,778.04,384.3,3319.97,123,0,0,123
20020900000192,1133568,1243408,1785600,1454864,0,26,24,13,21,4538.12,10308.65,7403.29,22250.06,0,232,0,232
20020900000586,4348800,4449600,3784320,4309200,0,4,7,6,5,517.02,850.71,678.76,2046.49,121,0,0,121
20021000000358,781920,1366690,1407085,1171938,2,41,23,15,26,7811.87,3486.92,1559.98,12858.77,1213,0,0,1213
20021000000498,4073142,2150400,3542400,3919418,0,8,10,5,7,1639.29,2572.82,875.79,5087.9,0,64,550,614
20021200000071,-1,3661200,4291200,5597485,0,2,9,4,5,263.01,1275.29,347.27,1885.57,0,231,0,231
20030100000287,-1,-1,4377600,11923200,0,0,2,4,2,0,268.32,427.06,695.38,0,0,276,276
20030300000239,-1,-1,2721600,2721600,0,0,0,3,1,0,0,532.51,532.51,0,0,276,276
20030400000089,2340654,2560581,2872800,2683800,0,12,12,9,11,1328.18,1643.34,980.36,3951.88,0,164,0,164
20030800000132,-1,3693600,2497745,3648436,0,2,9,12,7,201.2,1249.11,907.73,2358.04,0,57,0,57
20031000000150,8841600,1935360,5032800,5992457,0,4,6,5,5,471.44,879.21,460.59,1811.24,0,45,0,45
20031100000099,569600,1269704,1172034,891952,0,55,24,24,34,4741.12,2017.65,2692.18,9450.95,60,0,0,60
20031100000189,864000,2476800,2865600,3088800,0,4,10,7,7,909.34,1622.82,1075.47,3607.63,362,1445,390,2197
20040100000225,1785600,988800,990000,1273129,1,16,28,25,23,3505.03,4617.21,4472.53,12594.77,0,234,393,627
20040300000238,2592000,3571200,2167854,3644509,0,4,7,12,7,245.4,677.63,1010.36,1933.39,0,367,134,501
20040300000267,2086892,1950171,2448000,2742503,0,14,8,10,10,1281.31,685.22,964.19,2930.72,164,0,158,322
20040300000559,-1,-1,4795200,8661600,2,2,2,5,3,465.74,533.86,1874.11,2873.71,0,0,584,584
20040500000250,3295542,1390628,2000492,2103739,0,8,22,14,14,665.6,1879.32,1255.12,3800.04,0,0,98,98
20040500000286,1468800,8870400,1950171,3297600,0,7,4,8,6,1197.09,813.06,1338.32,3348.47,118,0,0,118
20040500000292,-1,-1,7430400,13150080,2,2,0,4,2,0.0,0,1151.92,1151.92,0,0,118,118
20040600000135,-1,2662690,2256000,2694857,0,0,12,10,7,0,19880.04,17125.96,37006.0,0,85,0,85
20040600000288,1500631,1941120,1893600,1859400,5,20,16,13,16,4293.17,3316.55,2663.31,10273.03,0,0,86,86
20040600000318,2332800,2356363,1647360,2181600,0,13,12,16,13,2036.61,1956.58,2324.99,6318.18,0,0,317,317
20040700000283,-1,5875200,-1,8769600,0,0,3,2,1,0,593.69,333.24,926.93,0,0,272,272
20040800000116,3072000,1354909,1435200,1739858,0,10,23,19,17,2074.78,4311.07,3082.79,9468.64,238,492,197,927
20040800000165,3456000,3436800,3211200,3276288,0,9,10,7,8,728.45,813.07,810.04,2351.56,0,221,0,221
20041100000210,3931200,1324800,3510000,4520084,0,7,4,9,6,1007.02,301.06,984.43,2292.51,0,0,1745,1745
20041100001641,4708800,-1,-1,16308000,0,3,0,2,1,578.31,0,486.32,1064.63,0,0,1996,1996
20041200003141,345600,4406400,5356800,6955200,0,3,4,4,3,508.16,700.14,817.35,2025.65,56,0,0,56
20041200003210,57600,3776914,3571200,5460480,0,4,8,4,5,402.66,1157.15,715.84,2275.65,0,0,242,242
20041200004250,-1,-1,3468342,7747200,0,2,0,8,3,158.74,0,2410.99,2569.73,0,0,588,588
20041200007852,6681600,6372000,5572800,6287261,0,4,5,5,4,1120.42,418.96,419.64,1959.02,0,0,480,480
20041200008038,-1,-1,1493485,6118690,2,2,2,8,4,230.68,176.08,781.93,1188.69,0,0,69,69
20050100000191,14688000,8078400,1916509,5006117,0,3,3,12,6,541.85,712.73,1937.26,3191.84,0,585,0,585
20050100003287,1665600,1486989,1272436,1495711,0,19,20,23,20,3760.55,4335.22,5377.25,13473.02,195,589,0,784
20050200004613,3033600,3510000,4181760,3614400,0,10,9,6,8,880.28,968.53,816.08,2664.89,299,0,0,299
20050200004818,1184188,1663200,-1,1740342,2,18,17,1,12,2025.37,2330.5,122.98,4478.85,106,88,0,194
20050300003936,1629257,4089600,4464000,5374080,0,8,4,4,5,1300.98,668.76,1212.02,3181.76,0,59,0,59
20050300004287,1565364,1872000,1606023,1709364,0,18,16,18,17,5416.06,5210.86,6064.02,16690.94,0,45,0,45
20050400002424,767435,1370057,1595858,1186248,0,35,22,18,25,8901.59,4772.15,3994.74,17668.48,54,0,0,54
20050400003586,5529600,6969600,10713600,8778240,0,4,4,3,3,643.84,496.03,450.74,1590.61,0,159,0,159
20050600002350,3628800,1180800,3744000,5800320,2,5,4,7,5,3069.41,1270.58,5668.52,10008.51,508,0,508,1016
20050700002752,-1,-1,6134400,6134400,0,0,0,4,1,0,0,505.02,505.02,0,0,156,156
20050800000136,-1,-1,4723200,8121600,0,2,2,4,2,1069.44,1839.04,1901.74,4810.22,0,59,0,59
20050800001486,3182400,3838628,1612800,3979200,0,7,8,4,6,1011.28,1372.08,446.3,2829.66,0,54,0,54
20050800003152,-1,-1,4423680,8640000,0,2,2,6,3,471.56,268.32,864.14,1604.02,0,0,161,161
20050800003651,1459200,1514273,3513600,2046857,0,19,20,4,14,5251.18,6632.7,950.64,12834.52,0,300,0,300
20051000000076,-1,-1,1804800,1804800,0,0,0,10,3,0,0,1560.54,1560.54,0,0,106,106
20051200003151,-1,-1,5472000,6946560,0,0,2,4,2,0,316.86,584.86,901.72,0,52,99,151
20060200000189,3058560,6336000,2782080,4878720,0,6,4,6,5,719.3,505.14,668.14,1892.58,0,0,30,30
20060200000702,1021090,1220869,1313280,1277485,2,12,24,21,19,1566.3,3034.42,6710.83,11311.55,0,0,880,880
20060300000906,3611520,881280,6566400,5535360,0,6,6,4,5,0.0,0.0,0.0,0.0,0,89,0,89
20060400000897,2073600,2239200,2133415,2427300,0,6,13,14,11,601.74,1392.05,1840.15,3833.94,596,0,0,596
20060600000176,1407811,1728000,2382171,2272800,0,18,11,8,12,31.76,4.27,0.0,36.03,1875,1299,0,3174
20060600000376,4337280,-1,3179520,6147692,0,6,2,6,4,0.0,0.0,46.26,46.26,0,40,0,40
20060600000548,4478400,2592000,1851428,2664900,4,7,11,15,11,776.47,822.52,1237.06,2836.05,174,309,621,1104
20060600000868,-1,-1,3813942,5938036,2,2,2,8,4,187.16,363.18,872.94,1423.28,326,288,0,614
20060700001055,633600,2755200,1123200,2902023,0,4,10,4,6,839.2,2878.24,865.72,4583.16,0,602,228,830
20061200000059,4492800,-1,4561920,7369920,0,5,0,6,3,656.29,0,1219.57,1875.86,0,0,58,58
20061200001062,-1,-1,4752000,4752000,0,0,0,4,1,0,0,527.76,527.76,0,0,96,96
20070100002103,4993920,-1,-1,8371200,0,6,2,2,3,0.0,0.0,0.0,0.0,0,104,0,104
20070100004282,2203200,-1,6019200,8164800,0,3,2,4,3,464.47,106.06,670.08,1240.61,100,0,0,100
20070200000257,3235200,1918080,2196000,2380547,0,10,16,13,13,1725.01,2712.35,1987.66,6425.02,0,555,2410,2965
20070300003343,1281600,-1,-1,4993920,0,7,2,2,3,1243.26,0.0,250.42,1493.68,0,0,66,66
20070300003346,3182400,1588430,877292,1705940,0,7,14,27,16,1148.91,2884.22,5066.21,9099.34,0,0,600,600
20070600002389,2584145,2178514,3357257,2579294,0,12,15,8,11,1595.47,1679.53,1012.72,4287.72,0,55,0,55
20070800002317,2160000,172800,1468800,8419200,0,3,3,4,3,997.5,611.78,411.24,2020.52,0,0,562,562
20071200001209,-1,1304640,1248872,1453440,1,2,21,23,15,219.86,6602.04,5040.13,11862.03,0,435,405,840
20081200000340,3456000,-1,1940072,4008960,0,7,2,12,7,1984.68,1345.15,3058.94,6388.77,0,0,41,41
20090100000061,-1,-1,2505600,2505600,0,0,0,3,1,0,0,773.58,773.58,0,0,513,513
20090200000116,835200,-1,-1,6800914,0,4,2,2,2,594.73,1140.56,270.16,2005.45,198,0,36,234
20090400000287,-1,-1,2707200,12044160,0,2,0,4,2,1163.42,0,1595.46,2758.88,556,0,780,1336
20090600000461,5212800,4285440,1814400,5493600,0,4,6,3,4,412.92,645.26,332.91,1391.09,0,106,0,106
20090700000113,-1,-1,2937600,6504685,0,2,2,4,2,472.06,446.68,598.28,1517.02,0,0,506,506
20090800000156,2254254,2277818,-1,2754432,0,12,12,2,8,3166.84,2871.15,452.7,6490.69,95,0,0,95
20091000000070,2695680,2925257,2467200,3125828,0,11,8,10,9,1150.74,1167.8,1116.8,3435.34,0,66,130,196
20091200000094,2808000,2976000,-1,2932800,0,7,10,2,6,1854.86,3530.16,433.28,5818.3,375,225,0,600
20100100000036,1242000,1524960,1356480,1374545,0,25,21,21,22,974.08,845.39,363.4,2182.87,62,1000,140,1202
20101100000089,2121600,1250526,2635200,2019600,0,10,20,11,13,1835.9,2256.75,1628.74,5721.39,0,116,0,116
20110300000141,1324800,1447200,1308342,1771200,0,22,21,8,17,4821.75,4539.54,1123.68,10484.97,236,502,0,738
20141200421599,-1,-1,7142400,10771200,0,1,2,4,2,0.0,458.18,778.16,1236.34,0,0,100,100
20150200105846,-1,-1,7228800,7228800,0,0,0,4,1,0,0,276.82,276.82,0,0,449,449
20150200106804,-1,4363200,2471040,3436061,0,0,3,11,4,0,506.42,1092.28,1598.7,0,0,120,120
